1e-06 2.74249267578125
1e-06 2.7918701171875
1e-06 2.76519775390625
1e-06 2.7862548828125
1e-06 2.804290771484375
1e-06 2.676116943359375
1e-06 2.87713623046875
1e-06 2.8345947265625
1e-06 2.802978515625
1e-06 2.8228759765625
1e-06 2.709228515625
1e-06 2.828125
1e-06 2.699005126953125
1e-06 2.618896484375
1e-06 2.72161865234375
1e-06 2.862274169921875
1e-06 2.753570556640625
1e-06 2.79498291015625
1e-06 2.82904052734375
1e-06 2.72406005859375
1e-06 2.72540283203125
1e-06 2.7392578125
1e-06 2.73382568359375
1e-06 2.71868896484375
1e-06 2.677154541015625
1e-06 2.704742431640625
1e-06 2.63739013671875
1e-06 2.592529296875
1e-06 2.546875
1e-06 2.815338134765625
1e-06 2.62353515625
1e-06 2.6624755859375
1e-06 2.585296630859375
1e-06 2.641143798828125
1e-06 2.62640380859375
1e-06 2.53466796875
1e-06 2.576934814453125
1e-06 2.5518798828125
1e-06 2.62408447265625
1e-06 2.62451171875
1e-06 2.691680908203125
1e-06 2.79327392578125
1e-06 2.478057861328125
1e-06 2.579315185546875
1e-06 2.41552734375
1e-06 2.709930419921875
1e-06 2.659912109375
1e-06 2.58245849609375
1e-06 2.581695556640625
1e-06 2.69537353515625
1e-06 2.66351318359375
1e-06 2.609527587890625
1e-06 2.535888671875
1e-06 2.613372802734375
1e-06 2.506134033203125
1e-06 2.576019287109375
1e-06 2.464111328125
1e-06 2.682769775390625
1e-06 2.66827392578125
1e-06 2.53802490234375
1e-06 2.417572021484375
1e-06 2.4896240234375
1e-06 2.53704833984375
1e-06 2.561492919921875
1e-06 2.419189453125
1e-06 2.364471435546875
1e-06 2.5557861328125
1e-06 2.57147216796875
1e-06 2.5140380859375
1e-06 2.431549072265625
1e-06 2.4716796875
1e-06 2.63165283203125
1e-06 2.787017822265625
1e-06 2.280670166015625
1e-06 2.491546630859375
1e-06 2.646575927734375
1e-06 2.574249267578125
1e-06 2.63555908203125
1e-06 2.4530029296875
1e-06 2.46026611328125
1e-06 2.481201171875
1e-06 2.52288818359375
1e-06 2.489532470703125
1e-06 2.704437255859375
1e-06 2.388092041015625
1e-06 2.466094970703125
1e-06 2.363250732421875
1e-06 2.44940185546875
1e-06 2.4022216796875
1e-06 2.317962646484375
1e-06 2.388031005859375
1e-06 2.64007568359375
1e-06 2.455352783203125
1e-06 2.3946533203125
1e-06 2.393463134765625
1e-06 2.572601318359375
1e-06 2.54254150390625
1e-06 2.282684326171875
1e-06 2.50128173828125
1e-06 2.400848388671875
1e-06 2.38787841796875
1e-06 2.3780517578125
1e-06 2.36383056640625
1e-06 2.393463134765625
1e-06 2.33709716796875
1e-06 2.2767333984375
1e-06 2.398681640625
1e-06 2.50494384765625
1e-06 2.32757568359375
1e-06 2.455413818359375
1e-06 2.635467529296875
1e-06 2.3135986328125
1e-06 2.39080810546875
1e-06 2.462860107421875
1e-06 2.299713134765625
1e-06 2.436553955078125
1e-06 2.415435791015625
1e-06 2.495025634765625
1e-06 2.40875244140625
1e-06 2.36376953125
1e-06 2.47418212890625
1e-06 2.2813720703125
1e-06 2.41583251953125
1e-06 2.48956298828125
1e-06 2.313385009765625
1e-06 2.455596923828125
1e-06 2.422515869140625
1e-06 2.451568603515625
1e-06 2.471527099609375
1e-06 2.354400634765625
1e-06 2.3280029296875
1e-06 2.164886474609375
1e-06 2.398162841796875
1e-06 2.382232666015625
1e-06 2.212127685546875
1e-06 2.4942626953125
1e-06 2.24420166015625
1e-06 2.1531982421875
1e-06 2.468994140625
1e-06 2.268646240234375
1e-06 2.177337646484375
1e-06 2.598175048828125
1e-06 2.277313232421875
1e-06 2.112518310546875
1e-06 2.21893310546875
1e-06 2.53399658203125
1e-06 2.369384765625
1e-06 2.22943115234375
1e-06 2.393035888671875
1e-06 2.28082275390625
1e-06 2.263092041015625
1e-06 2.193389892578125
1e-06 2.347412109375
1e-06 2.2113037109375
1e-06 2.173919677734375
1e-06 2.392730712890625
1e-06 2.28411865234375
1e-06 2.18060302734375
1e-06 2.26959228515625
1e-06 2.406097412109375
1e-06 2.12286376953125
1e-06 2.172698974609375
1e-06 2.142242431640625
1e-06 2.36529541015625
1e-06 2.333648681640625
1e-06 2.265594482421875
1e-06 2.0565185546875
1e-06 2.096588134765625
1e-06 2.176055908203125
1e-06 2.370208740234375
1e-06 2.129058837890625
1e-06 2.114776611328125
1e-06 2.13958740234375
1e-06 2.40081787109375
1e-06 2.288543701171875
1e-06 2.413421630859375
1e-06 2.192108154296875
1e-06 1.98504638671875
1e-06 2.398681640625
1e-06 2.209197998046875
1e-06 2.045806884765625
1e-06 2.277008056640625
1e-06 2.131805419921875
1e-06 1.956939697265625
1e-06 2.105438232421875
1e-06 2.60748291015625
1e-06 2.417724609375
1e-06 2.31451416015625
1e-06 2.25640869140625
1e-06 2.105438232421875
1e-06 2.31854248046875
1e-06 2.33544921875
1e-06 2.270050048828125
1e-06 2.198699951171875
1e-06 2.2479248046875
1e-06 2.20550537109375
1e-06 2.2237548828125
1e-06 2.287353515625
1e-06 2.38470458984375
1e-06 1.966064453125
1e-06 2.206390380859375
1e-06 2.442138671875
1e-06 2.423126220703125
1e-06 2.109466552734375
1e-06 2.446624755859375
1e-06 2.240447998046875
1e-06 2.35687255859375
1e-06 2.024139404296875
1e-06 2.3643798828125
1e-06 2.063873291015625
1e-06 1.990814208984375
1e-06 2.36138916015625
1e-06 2.24310302734375
1e-06 2.049285888671875
1e-06 2.234954833984375
1e-06 2.2469482421875
1e-06 2.336273193359375
1e-06 2.121063232421875
1e-06 1.919677734375
1e-06 2.175140380859375
1e-06 2.352386474609375
1e-06 2.362762451171875
1e-06 2.25146484375
1e-06 2.324951171875
1e-06 2.257476806640625
1e-06 2.259796142578125
1e-06 2.055145263671875
1e-06 2.1397705078125
1e-06 2.0875244140625
1e-06 1.996307373046875
1e-06 2.196563720703125
1e-06 2.13787841796875
1e-06 1.983367919921875
1e-06 2.3093719482421875
1e-06 2.268585205078125
1e-06 2.246063232421875
1e-06 1.806396484375
1e-06 2.4833984375
1e-06 2.1754150390625
1e-06 2.1761474609375
1e-06 2.22344970703125
1e-06 2.061981201171875
1e-06 2.211944580078125
1e-06 1.991180419921875
1e-06 2.077056884765625
1e-06 1.910247802734375
1e-06 1.8526611328125
1e-06 2.1341552734375
1e-06 2.21087646484375
1e-06 2.23980712890625
1e-06 2.167022705078125
1e-06 2.126434326171875
1e-06 2.20733642578125
1e-06 1.801849365234375
1e-06 2.056610107421875
1e-06 1.97802734375
1e-06 2.053802490234375
1e-06 2.025482177734375
1e-06 2.35699462890625
1e-06 2.1634521484375
1e-06 1.981414794921875
1e-06 1.94476318359375
1e-06 2.15521240234375
1e-06 2.034423828125
1e-06 2.014617919921875
1e-06 1.95855712890625
1e-06 1.91143798828125
1e-06 1.75140380859375
1e-06 2.18548583984375
1e-06 2.207122802734375
1e-06 1.98779296875
1e-06 1.952728271484375
1e-06 2.105926513671875
1e-06 2.17657470703125
1e-06 1.965972900390625
1e-06 2.0777740478515625
1e-06 2.19268798828125
1e-06 2.176666259765625
1e-06 2.048126220703125
1e-06 2.149658203125
1e-06 1.712158203125
1e-06 1.8305816650390625
1e-06 2.3740234375
1e-06 1.961395263671875
1e-06 1.940277099609375
1e-06 1.993743896484375
1e-06 1.976348876953125
1e-06 1.9420623779296875
1e-06 2.01922607421875
1e-06 2.28515625
1e-06 2.30712890625
1e-06 2.048004150390625
1e-06 2.001220703125
1e-06 2.004058837890625
1e-06 2.139892578125
1e-06 1.863677978515625
1e-06 1.9840087890625
1e-06 1.693267822265625
1e-06 1.910064697265625
1e-06 2.074188232421875
1e-06 2.0426177978515625
1e-06 2.221038818359375
1e-06 1.98724365234375
1e-06 2.001678466796875
1e-06 2.2474517822265625
1e-06 2.07244873046875
1e-06 2.257843017578125
1e-06 1.9624786376953125
1e-06 2.26519775390625
1e-06 1.722686767578125
1e-06 1.920562744140625
1e-06 1.985076904296875
1e-06 2.010009765625
1e-06 2.0147705078125
1e-06 1.90966796875
1e-06 2.0139617919921875
1e-06 1.740142822265625
1e-06 1.790069580078125
1e-06 1.902679443359375
1e-06 2.067047119140625
1e-06 2.1073760986328125
1e-06 2.055938720703125
1e-06 2.18817138671875
1e-06 1.997589111328125
1e-06 1.97882080078125
1e-06 1.985992431640625
1e-06 2.150421142578125
1e-06 2.521697998046875
1e-06 2.0449066162109375
1e-06 1.9296112060546875
1e-06 2.134979248046875
1e-06 1.90325927734375
1e-06 2.2527923583984375
1e-06 2.0190582275390625
1e-06 2.328460693359375
1e-06 1.9058837890625
1e-06 2.0474700927734375
1e-06 1.9751434326171875
1e-06 1.70477294921875
1e-06 2.06201171875
1e-06 1.742584228515625
1e-06 2.0241591930389404
4.9999999999999996e-06 2.06103515625
4.9999999999999996e-06 1.9793701171875
4.9999999999999996e-06 1.8870849609375
4.9999999999999996e-06 2.14013671875
4.9999999999999996e-06 2.084930419921875
4.9999999999999996e-06 1.9899749755859375
4.9999999999999996e-06 1.9278106689453125
4.9999999999999996e-06 2.21923828125
4.9999999999999996e-06 2.267303466796875
4.9999999999999996e-06 1.81744384765625
4.9999999999999996e-06 2.1595458984375
4.9999999999999996e-06 2.16143798828125
4.9999999999999996e-06 1.90924072265625
4.9999999999999996e-06 1.995452880859375
4.9999999999999996e-06 1.998870849609375
4.9999999999999996e-06 2.1650390625
4.9999999999999996e-06 1.9648590087890625
4.9999999999999996e-06 2.110382080078125
4.9999999999999996e-06 1.987945556640625
4.9999999999999996e-06 1.9509429931640625
4.9999999999999996e-06 2.2596435546875
4.9999999999999996e-06 1.9702911376953125
4.9999999999999996e-06 1.981414794921875
4.9999999999999996e-06 2.01898193359375
4.9999999999999996e-06 1.772064208984375
4.9999999999999996e-06 1.8534698486328125
4.9999999999999996e-06 2.098297119140625
4.9999999999999996e-06 1.7421875
4.9999999999999996e-06 1.6616973876953125
4.9999999999999996e-06 1.8141021728515625
4.9999999999999996e-06 1.819000244140625
4.9999999999999996e-06 2.1355743408203125
4.9999999999999996e-06 1.730194091796875
4.9999999999999996e-06 1.7747039794921875
4.9999999999999996e-06 1.99676513671875
4.9999999999999996e-06 1.808013916015625
4.9999999999999996e-06 2.0633544921875
4.9999999999999996e-06 1.9435577392578125
4.9999999999999996e-06 1.908599853515625
4.9999999999999996e-06 1.859344482421875
4.9999999999999996e-06 2.119903564453125
4.9999999999999996e-06 2.22747802734375
4.9999999999999996e-06 1.9387054443359375
4.9999999999999996e-06 2.054168701171875
4.9999999999999996e-06 1.80682373046875
4.9999999999999996e-06 2.330047607421875
4.9999999999999996e-06 1.9842071533203125
4.9999999999999996e-06 1.986114501953125
4.9999999999999996e-06 1.993408203125
4.9999999999999996e-06 2.092254638671875
4.9999999999999996e-06 1.8217926025390625
4.9999999999999996e-06 1.9599761962890625
4.9999999999999996e-06 1.7571868896484375
4.9999999999999996e-06 1.885406494140625
4.9999999999999996e-06 1.7442779541015625
4.9999999999999996e-06 2.0652923583984375
4.9999999999999996e-06 1.5943450927734375
4.9999999999999996e-06 2.1733245849609375
4.9999999999999996e-06 2.0666961669921875
4.9999999999999996e-06 1.811279296875
4.9999999999999996e-06 1.866546630859375
4.9999999999999996e-06 1.8323516845703125
4.9999999999999996e-06 1.730072021484375
4.9999999999999996e-06 1.8672943115234375
4.9999999999999996e-06 1.569793701171875
4.9999999999999996e-06 1.681182861328125
4.9999999999999996e-06 1.8480987548828125
4.9999999999999996e-06 2.047088623046875
4.9999999999999996e-06 1.9967041015625
4.9999999999999996e-06 1.8822784423828125
4.9999999999999996e-06 1.8180084228515625
4.9999999999999996e-06 1.9629669189453125
4.9999999999999996e-06 2.0975494384765625
4.9999999999999996e-06 1.7806243896484375
4.9999999999999996e-06 1.8582916259765625
4.9999999999999996e-06 2.2942962646484375
4.9999999999999996e-06 2.1089935302734375
4.9999999999999996e-06 2.259613037109375
4.9999999999999996e-06 2.0602569580078125
4.9999999999999996e-06 1.9057464599609375
4.9999999999999996e-06 1.7698211669921875
4.9999999999999996e-06 2.1824951171875
4.9999999999999996e-06 2.0738067626953125
4.9999999999999996e-06 2.3110198974609375
4.9999999999999996e-06 1.8197479248046875
4.9999999999999996e-06 1.9619293212890625
4.9999999999999996e-06 1.8560943603515625
4.9999999999999996e-06 1.956939697265625
4.9999999999999996e-06 1.8072052001953125
4.9999999999999996e-06 1.81268310546875
4.9999999999999996e-06 1.8616790771484375
4.9999999999999996e-06 1.992950439453125
4.9999999999999996e-06 1.8633270263671875
4.9999999999999996e-06 1.892822265625
4.9999999999999996e-06 2.0214385986328125
4.9999999999999996e-06 1.9936370849609375
4.9999999999999996e-06 2.04345703125
4.9999999999999996e-06 1.6761016845703125
4.9999999999999996e-06 1.929718017578125
4.9999999999999996e-06 2.0292816162109375
4.9999999999999996e-06 1.8496246337890625
4.9999999999999996e-06 1.714263916015625
4.9999999999999996e-06 1.9042510986328125
4.9999999999999996e-06 1.848724365234375
4.9999999999999996e-06 1.75213623046875
4.9999999999999996e-06 1.8330078125
4.9999999999999996e-06 2.0281982421875
4.9999999999999996e-06 2.059478759765625
4.9999999999999996e-06 1.8566131591796875
4.9999999999999996e-06 1.98577880859375
4.9999999999999996e-06 1.96600341796875
4.9999999999999996e-06 1.832733154296875
4.9999999999999996e-06 1.9343719482421875
4.9999999999999996e-06 2.002777099609375
4.9999999999999996e-06 1.7720947265625
4.9999999999999996e-06 1.9190673828125
4.9999999999999996e-06 2.041656494140625
4.9999999999999996e-06 2.060211181640625
4.9999999999999996e-06 1.932281494140625
4.9999999999999996e-06 1.8724517822265625
4.9999999999999996e-06 2.052520751953125
4.9999999999999996e-06 1.741058349609375
4.9999999999999996e-06 2.0783538818359375
4.9999999999999996e-06 1.90362548828125
4.9999999999999996e-06 1.958648681640625
4.9999999999999996e-06 2.286773681640625
4.9999999999999996e-06 1.9075927734375
4.9999999999999996e-06 2.0215606689453125
4.9999999999999996e-06 2.3089599609375
4.9999999999999996e-06 1.90802001953125
4.9999999999999996e-06 1.8501129150390625
4.9999999999999996e-06 1.727813720703125
4.9999999999999996e-06 1.880218505859375
4.9999999999999996e-06 2.072998046875
4.9999999999999996e-06 1.7900390625
4.9999999999999996e-06 2.1806182861328125
4.9999999999999996e-06 1.718170166015625
4.9999999999999996e-06 1.6811370849609375
4.9999999999999996e-06 2.0986785888671875
4.9999999999999996e-06 1.920318603515625
4.9999999999999996e-06 1.719146728515625
4.9999999999999996e-06 2.1950836181640625
4.9999999999999996e-06 1.9504547119140625
4.9999999999999996e-06 1.6361083984375
4.9999999999999996e-06 1.807281494140625
4.9999999999999996e-06 2.1773681640625
4.9999999999999996e-06 2.0118408203125
4.9999999999999996e-06 1.8463134765625
4.9999999999999996e-06 2.0833740234375
4.9999999999999996e-06 1.93804931640625
4.9999999999999996e-06 1.8924102783203125
4.9999999999999996e-06 1.816558837890625
4.9999999999999996e-06 1.913787841796875
4.9999999999999996e-06 1.94183349609375
4.9999999999999996e-06 1.6905059814453125
4.9999999999999996e-06 2.0383148193359375
4.9999999999999996e-06 1.889190673828125
4.9999999999999996e-06 1.897918701171875
4.9999999999999996e-06 1.98828125
4.9999999999999996e-06 1.9932708740234375
4.9999999999999996e-06 1.6122283935546875
4.9999999999999996e-06 1.854461669921875
4.9999999999999996e-06 1.6084747314453125
4.9999999999999996e-06 2.05926513671875
4.9999999999999996e-06 1.8996734619140625
4.9999999999999996e-06 1.9337005615234375
4.9999999999999996e-06 1.5641632080078125
4.9999999999999996e-06 1.639892578125
4.9999999999999996e-06 1.8820953369140625
4.9999999999999996e-06 2.1723175048828125
4.9999999999999996e-06 1.7220916748046875
4.9999999999999996e-06 1.7536163330078125
4.9999999999999996e-06 1.748046875
4.9999999999999996e-06 2.186798095703125
4.9999999999999996e-06 1.9473876953125
4.9999999999999996e-06 2.0826263427734375
4.9999999999999996e-06 1.806488037109375
4.9999999999999996e-06 1.6004791259765625
4.9999999999999996e-06 2.1308746337890625
4.9999999999999996e-06 1.740692138671875
4.9999999999999996e-06 1.6847076416015625
4.9999999999999996e-06 2.0273590087890625
4.9999999999999996e-06 1.72076416015625
4.9999999999999996e-06 1.661346435546875
4.9999999999999996e-06 1.623809814453125
4.9999999999999996e-06 2.3353271484375
4.9999999999999996e-06 2.1339874267578125
4.9999999999999996e-06 2.0770721435546875
4.9999999999999996e-06 1.9593048095703125
4.9999999999999996e-06 1.672607421875
4.9999999999999996e-06 2.0591888427734375
4.9999999999999996e-06 2.1008758544921875
4.9999999999999996e-06 1.9633026123046875
4.9999999999999996e-06 1.9102020263671875
4.9999999999999996e-06 1.9299163818359375
4.9999999999999996e-06 1.82452392578125
4.9999999999999996e-06 1.9905548095703125
4.9999999999999996e-06 2.0034332275390625
4.9999999999999996e-06 2.015106201171875
4.9999999999999996e-06 1.7103118896484375
4.9999999999999996e-06 1.9178619384765625
4.9999999999999996e-06 2.07012939453125
4.9999999999999996e-06 2.26824951171875
4.9999999999999996e-06 1.8824615478515625
4.9999999999999996e-06 2.00201416015625
4.9999999999999996e-06 1.9161224365234375
4.9999999999999996e-06 2.0877838134765625
4.9999999999999996e-06 1.661376953125
4.9999999999999996e-06 2.214752197265625
4.9999999999999996e-06 1.8321380615234375
4.9999999999999996e-06 1.60113525390625
4.9999999999999996e-06 2.1212158203125
4.9999999999999996e-06 1.904541015625
4.9999999999999996e-06 1.957000732421875
4.9999999999999996e-06 1.91412353515625
4.9999999999999996e-06 2.1496429443359375
4.9999999999999996e-06 1.935089111328125
4.9999999999999996e-06 1.705596923828125
4.9999999999999996e-06 1.733367919921875
4.9999999999999996e-06 1.8197479248046875
4.9999999999999996e-06 2.1176605224609375
4.9999999999999996e-06 2.155609130859375
4.9999999999999996e-06 2.04925537109375
4.9999999999999996e-06 1.949798583984375
4.9999999999999996e-06 1.9521942138671875
4.9999999999999996e-06 2.1198272705078125
4.9999999999999996e-06 1.7173614501953125
4.9999999999999996e-06 1.882171630859375
4.9999999999999996e-06 1.74700927734375
4.9999999999999996e-06 1.7223358154296875
4.9999999999999996e-06 1.9849853515625
4.9999999999999996e-06 1.75762939453125
4.9999999999999996e-06 1.6997833251953125
4.9999999999999996e-06 2.0093994140625
4.9999999999999996e-06 2.07659912109375
4.9999999999999996e-06 1.989990234375
4.9999999999999996e-06 1.5211639404296875
4.9999999999999996e-06 2.177642822265625
4.9999999999999996e-06 1.887542724609375
4.9999999999999996e-06 1.949188232421875
4.9999999999999996e-06 1.947021484375
4.9999999999999996e-06 2.0531768798828125
4.9999999999999996e-06 1.943084716796875
4.9999999999999996e-06 1.70947265625
4.9999999999999996e-06 1.82403564453125
4.9999999999999996e-06 1.67828369140625
4.9999999999999996e-06 1.6695098876953125
4.9999999999999996e-06 1.91192626953125
4.9999999999999996e-06 1.9186248779296875
4.9999999999999996e-06 2.076873779296875
4.9999999999999996e-06 1.9338226318359375
4.9999999999999996e-06 1.725860595703125
4.9999999999999996e-06 1.959747314453125
4.9999999999999996e-06 1.498046875
4.9999999999999996e-06 1.8037872314453125
4.9999999999999996e-06 1.73516845703125
4.9999999999999996e-06 1.7747802734375
4.9999999999999996e-06 1.773712158203125
4.9999999999999996e-06 2.168304443359375
4.9999999999999996e-06 1.856536865234375
4.9999999999999996e-06 1.618865966796875
4.9999999999999996e-06 1.750518798828125
4.9999999999999996e-06 1.880828857421875
4.9999999999999996e-06 1.735137939453125
4.9999999999999996e-06 1.85858154296875
4.9999999999999996e-06 1.6457061767578125
4.9999999999999996e-06 1.714996337890625
4.9999999999999996e-06 1.4521942138671875
4.9999999999999996e-06 1.9710693359375
4.9999999999999996e-06 1.990631103515625
4.9999999999999996e-06 1.6852569580078125
4.9999999999999996e-06 1.8663330078125
4.9999999999999996e-06 1.9155426025390625
4.9999999999999996e-06 2.06085205078125
4.9999999999999996e-06 1.7597198486328125
4.9999999999999996e-06 1.849700927734375
4.9999999999999996e-06 2.0523223876953125
4.9999999999999996e-06 2.079345703125
4.9999999999999996e-06 1.7651214599609375
4.9999999999999996e-06 1.8286590576171875
4.9999999999999996e-06 1.5133819580078125
4.9999999999999996e-06 1.713348388671875
4.9999999999999996e-06 2.2709503173828125
4.9999999999999996e-06 1.87835693359375
4.9999999999999996e-06 1.79559326171875
4.9999999999999996e-06 1.6190643310546875
4.9999999999999996e-06 1.7877960205078125
4.9999999999999996e-06 1.716033935546875
4.9999999999999996e-06 1.753875732421875
4.9999999999999996e-06 2.2426605224609375
4.9999999999999996e-06 2.095703125
4.9999999999999996e-06 1.7480621337890625
4.9999999999999996e-06 1.7720184326171875
4.9999999999999996e-06 1.793792724609375
4.9999999999999996e-06 1.9055328369140625
4.9999999999999996e-06 1.5719146728515625
4.9999999999999996e-06 1.7775726318359375
4.9999999999999996e-06 1.4692840576171875
4.9999999999999996e-06 1.837188720703125
4.9999999999999996e-06 1.8546905517578125
4.9999999999999996e-06 1.9260711669921875
4.9999999999999996e-06 2.194610595703125
4.9999999999999996e-06 1.82086181640625
4.9999999999999996e-06 1.726898193359375
4.9999999999999996e-06 2.0481719970703125
4.9999999999999996e-06 1.820220947265625
4.9999999999999996e-06 2.0433197021484375
4.9999999999999996e-06 1.7748260498046875
4.9999999999999996e-06 1.9471282958984375
4.9999999999999996e-06 1.521575927734375
4.9999999999999996e-06 1.853485107421875
4.9999999999999996e-06 1.8694000244140625
4.9999999999999996e-06 1.75164794921875
4.9999999999999996e-06 1.8029327392578125
4.9999999999999996e-06 1.6986846923828125
4.9999999999999996e-06 1.690521240234375
4.9999999999999996e-06 1.556304931640625
4.9999999999999996e-06 1.5837249755859375
4.9999999999999996e-06 1.6712646484375
4.9999999999999996e-06 1.8986053466796875
4.9999999999999996e-06 1.900299072265625
4.9999999999999996e-06 1.7826385498046875
4.9999999999999996e-06 1.9285430908203125
4.9999999999999996e-06 1.750579833984375
4.9999999999999996e-06 1.7171478271484375
4.9999999999999996e-06 1.766998291015625
4.9999999999999996e-06 1.9479217529296875
4.9999999999999996e-06 2.255645751953125
4.9999999999999996e-06 1.7905120849609375
4.9999999999999996e-06 1.7926483154296875
4.9999999999999996e-06 1.875152587890625
4.9999999999999996e-06 1.6534271240234375
4.9999999999999996e-06 2.1322174072265625
4.9999999999999996e-06 1.829498291015625
4.9999999999999996e-06 2.2471923828125
4.9999999999999996e-06 1.761260986328125
4.9999999999999996e-06 1.8722381591796875
4.9999999999999996e-06 1.8284759521484375
4.9999999999999996e-06 1.537078857421875
4.9999999999999996e-06 1.876953125
4.9999999999999996e-06 1.608795166015625
4.9999999999999996e-06 1.7997198104858398
2.4999999999999998e-05 1.956787109375
2.4999999999999998e-05 1.875946044921875
2.4999999999999998e-05 1.700286865234375
2.4999999999999998e-05 1.99639892578125
2.4999999999999998e-05 2.0302734375
2.4999999999999998e-05 1.81768798828125
2.4999999999999998e-05 1.712921142578125
2.4999999999999998e-05 1.894622802734375
2.4999999999999998e-05 2.062103271484375
2.4999999999999998e-05 1.571929931640625
2.4999999999999998e-05 1.9782867431640625
2.4999999999999998e-05 2.03759765625
2.4999999999999998e-05 1.7402496337890625
2.4999999999999998e-05 1.886016845703125
2.4999999999999998e-05 1.8010406494140625
2.4999999999999998e-05 1.95904541015625
2.4999999999999998e-05 1.875701904296875
2.4999999999999998e-05 2.0231475830078125
2.4999999999999998e-05 1.744903564453125
2.4999999999999998e-05 1.866973876953125
2.4999999999999998e-05 2.2561492919921875
2.4999999999999998e-05 1.8919677734375
2.4999999999999998e-05 1.8472900390625
2.4999999999999998e-05 2.012481689453125
2.4999999999999998e-05 1.69921875
2.4999999999999998e-05 1.661865234375
2.4999999999999998e-05 1.941864013671875
2.4999999999999998e-05 1.5873260498046875
2.4999999999999998e-05 1.565948486328125
2.4999999999999998e-05 1.7025299072265625
2.4999999999999998e-05 1.7652740478515625
2.4999999999999998e-05 2.0135345458984375
2.4999999999999998e-05 1.724884033203125
2.4999999999999998e-05 1.690338134765625
2.4999999999999998e-05 1.88592529296875
2.4999999999999998e-05 1.727264404296875
2.4999999999999998e-05 1.9383697509765625
2.4999999999999998e-05 1.8894500732421875
2.4999999999999998e-05 1.8939361572265625
2.4999999999999998e-05 1.681121826171875
2.4999999999999998e-05 1.936859130859375
2.4999999999999998e-05 2.310760498046875
2.4999999999999998e-05 1.811309814453125
2.4999999999999998e-05 2.049652099609375
2.4999999999999998e-05 1.6685333251953125
2.4999999999999998e-05 2.275665283203125
2.4999999999999998e-05 1.8978424072265625
2.4999999999999998e-05 1.8814544677734375
2.4999999999999998e-05 1.8699798583984375
2.4999999999999998e-05 1.934814453125
2.4999999999999998e-05 1.7882080078125
2.4999999999999998e-05 1.8177947998046875
2.4999999999999998e-05 1.729400634765625
2.4999999999999998e-05 1.789947509765625
2.4999999999999998e-05 1.715362548828125
2.4999999999999998e-05 1.9759368896484375
2.4999999999999998e-05 1.60357666015625
2.4999999999999998e-05 2.1162261962890625
2.4999999999999998e-05 1.895294189453125
2.4999999999999998e-05 1.661041259765625
2.4999999999999998e-05 1.750244140625
2.4999999999999998e-05 1.7804718017578125
2.4999999999999998e-05 1.625396728515625
2.4999999999999998e-05 1.878692626953125
2.4999999999999998e-05 1.5006561279296875
2.4999999999999998e-05 1.6151885986328125
2.4999999999999998e-05 1.7259368896484375
2.4999999999999998e-05 1.969940185546875
2.4999999999999998e-05 2.0077056884765625
2.4999999999999998e-05 1.7815093994140625
2.4999999999999998e-05 1.785736083984375
2.4999999999999998e-05 1.923675537109375
2.4999999999999998e-05 2.016510009765625
2.4999999999999998e-05 1.634185791015625
2.4999999999999998e-05 1.7595062255859375
2.4999999999999998e-05 2.311767578125
2.4999999999999998e-05 2.1198577880859375
2.4999999999999998e-05 2.2953033447265625
2.4999999999999998e-05 2.0160064697265625
2.4999999999999998e-05 1.71588134765625
2.4999999999999998e-05 1.762603759765625
2.4999999999999998e-05 2.08465576171875
2.4999999999999998e-05 1.958343505859375
2.4999999999999998e-05 2.280670166015625
2.4999999999999998e-05 1.787872314453125
2.4999999999999998e-05 1.821075439453125
2.4999999999999998e-05 1.9302978515625
2.4999999999999998e-05 1.8599853515625
2.4999999999999998e-05 1.7315673828125
2.4999999999999998e-05 1.72772216796875
2.4999999999999998e-05 1.86114501953125
2.4999999999999998e-05 2.001129150390625
2.4999999999999998e-05 1.8009185791015625
2.4999999999999998e-05 1.7319183349609375
2.4999999999999998e-05 1.933441162109375
2.4999999999999998e-05 1.921783447265625
2.4999999999999998e-05 2.0386962890625
2.4999999999999998e-05 1.6272735595703125
2.4999999999999998e-05 1.92181396484375
2.4999999999999998e-05 1.9308624267578125
2.4999999999999998e-05 1.769866943359375
2.4999999999999998e-05 1.5944671630859375
2.4999999999999998e-05 1.8629150390625
2.4999999999999998e-05 1.78277587890625
2.4999999999999998e-05 1.6915283203125
2.4999999999999998e-05 1.715087890625
2.4999999999999998e-05 2.0436553955078125
2.4999999999999998e-05 1.98651123046875
2.4999999999999998e-05 1.8927764892578125
2.4999999999999998e-05 1.97955322265625
2.4999999999999998e-05 1.9149932861328125
2.4999999999999998e-05 1.706512451171875
2.4999999999999998e-05 1.853118896484375
2.4999999999999998e-05 1.869049072265625
2.4999999999999998e-05 1.708648681640625
2.4999999999999998e-05 1.868927001953125
2.4999999999999998e-05 1.9694061279296875
2.4999999999999998e-05 1.9461669921875
2.4999999999999998e-05 1.9336700439453125
2.4999999999999998e-05 1.8257904052734375
2.4999999999999998e-05 2.099365234375
2.4999999999999998e-05 1.6530609130859375
2.4999999999999998e-05 2.159454345703125
2.4999999999999998e-05 1.88519287109375
2.4999999999999998e-05 1.9666290283203125
2.4999999999999998e-05 2.2142181396484375
2.4999999999999998e-05 1.830078125
2.4999999999999998e-05 1.99786376953125
2.4999999999999998e-05 2.235565185546875
2.4999999999999998e-05 1.910003662109375
2.4999999999999998e-05 1.8347015380859375
2.4999999999999998e-05 1.7364959716796875
2.4999999999999998e-05 1.8576507568359375
2.4999999999999998e-05 1.957000732421875
2.4999999999999998e-05 1.842620849609375
2.4999999999999998e-05 2.0991363525390625
2.4999999999999998e-05 1.76190185546875
2.4999999999999998e-05 1.5629119873046875
2.4999999999999998e-05 2.062469482421875
2.4999999999999998e-05 1.843048095703125
2.4999999999999998e-05 1.635406494140625
2.4999999999999998e-05 2.004638671875
2.4999999999999998e-05 1.961181640625
2.4999999999999998e-05 1.4636077880859375
2.4999999999999998e-05 1.7880096435546875
2.4999999999999998e-05 2.083160400390625
2.4999999999999998e-05 2.0335693359375
2.4999999999999998e-05 1.73883056640625
2.4999999999999998e-05 1.9957427978515625
2.4999999999999998e-05 1.8713836669921875
2.4999999999999998e-05 1.916168212890625
2.4999999999999998e-05 1.6934814453125
2.4999999999999998e-05 1.9002227783203125
2.4999999999999998e-05 1.8088226318359375
2.4999999999999998e-05 1.6105194091796875
2.4999999999999998e-05 1.93017578125
2.4999999999999998e-05 1.8709564208984375
2.4999999999999998e-05 1.8034515380859375
2.4999999999999998e-05 1.914703369140625
2.4999999999999998e-05 1.922943115234375
2.4999999999999998e-05 1.49139404296875
2.4999999999999998e-05 1.7717437744140625
2.4999999999999998e-05 1.576446533203125
2.4999999999999998e-05 1.9429168701171875
2.4999999999999998e-05 1.8312530517578125
2.4999999999999998e-05 1.83013916015625
2.4999999999999998e-05 1.4730682373046875
2.4999999999999998e-05 1.5647125244140625
2.4999999999999998e-05 1.87738037109375
2.4999999999999998e-05 2.2401123046875
2.4999999999999998e-05 1.6804656982421875
2.4999999999999998e-05 1.7282562255859375
2.4999999999999998e-05 1.6948699951171875
2.4999999999999998e-05 2.1498870849609375
2.4999999999999998e-05 1.785186767578125
2.4999999999999998e-05 2.0367279052734375
2.4999999999999998e-05 1.7678375244140625
2.4999999999999998e-05 1.5251007080078125
2.4999999999999998e-05 2.0139312744140625
2.4999999999999998e-05 1.7365264892578125
2.4999999999999998e-05 1.5887603759765625
2.4999999999999998e-05 1.909423828125
2.4999999999999998e-05 1.5729827880859375
2.4999999999999998e-05 1.617919921875
2.4999999999999998e-05 1.547454833984375
2.4999999999999998e-05 2.2643585205078125
2.4999999999999998e-05 2.109344482421875
2.4999999999999998e-05 2.1031341552734375
2.4999999999999998e-05 1.922393798828125
2.4999999999999998e-05 1.6593017578125
2.4999999999999998e-05 1.985107421875
2.4999999999999998e-05 1.960479736328125
2.4999999999999998e-05 1.9093780517578125
2.4999999999999998e-05 1.8491973876953125
2.4999999999999998e-05 1.8675689697265625
2.4999999999999998e-05 1.7514495849609375
2.4999999999999998e-05 2.015045166015625
2.4999999999999998e-05 1.954681396484375
2.4999999999999998e-05 1.9044342041015625
2.4999999999999998e-05 1.6993560791015625
2.4999999999999998e-05 1.795562744140625
2.4999999999999998e-05 1.91461181640625
2.4999999999999998e-05 2.1976470947265625
2.4999999999999998e-05 1.8663330078125
2.4999999999999998e-05 1.91876220703125
2.4999999999999998e-05 1.688690185546875
2.4999999999999998e-05 2.0028533935546875
2.4999999999999998e-05 1.6169281005859375
2.4999999999999998e-05 2.13909912109375
2.4999999999999998e-05 1.781982421875
2.4999999999999998e-05 1.5406341552734375
2.4999999999999998e-05 2.076904296875
2.4999999999999998e-05 1.87664794921875
2.4999999999999998e-05 1.9126739501953125
2.4999999999999998e-05 1.851470947265625
2.4999999999999998e-05 2.1796875
2.4999999999999998e-05 1.8063812255859375
2.4999999999999998e-05 1.5801849365234375
2.4999999999999998e-05 1.615966796875
2.4999999999999998e-05 1.7147216796875
2.4999999999999998e-05 2.0738067626953125
2.4999999999999998e-05 2.09014892578125
2.4999999999999998e-05 2.0202484130859375
2.4999999999999998e-05 1.9268035888671875
2.4999999999999998e-05 1.89080810546875
2.4999999999999998e-05 2.053924560546875
2.4999999999999998e-05 1.667724609375
2.4999999999999998e-05 1.8411407470703125
2.4999999999999998e-05 1.7918701171875
2.4999999999999998e-05 1.660369873046875
2.4999999999999998e-05 1.957763671875
2.4999999999999998e-05 1.72735595703125
2.4999999999999998e-05 1.6325836181640625
2.4999999999999998e-05 1.9940338134765625
2.4999999999999998e-05 2.0414886474609375
2.4999999999999998e-05 1.8770904541015625
2.4999999999999998e-05 1.49835205078125
2.4999999999999998e-05 2.143646240234375
2.4999999999999998e-05 1.9470977783203125
2.4999999999999998e-05 1.9206695556640625
2.4999999999999998e-05 1.8382415771484375
2.4999999999999998e-05 2.038787841796875
2.4999999999999998e-05 1.9328155517578125
2.4999999999999998e-05 1.6217193603515625
2.4999999999999998e-05 1.842742919921875
2.4999999999999998e-05 1.6275482177734375
2.4999999999999998e-05 1.6179046630859375
2.4999999999999998e-05 1.826507568359375
2.4999999999999998e-05 1.9248199462890625
2.4999999999999998e-05 1.9867706298828125
2.4999999999999998e-05 1.9123992919921875
2.4999999999999998e-05 1.688323974609375
2.4999999999999998e-05 1.9163055419921875
2.4999999999999998e-05 1.3942413330078125
2.4999999999999998e-05 1.6743316650390625
2.4999999999999998e-05 1.714111328125
2.4999999999999998e-05 1.7798614501953125
2.4999999999999998e-05 1.729583740234375
2.4999999999999998e-05 2.11871337890625
2.4999999999999998e-05 1.85595703125
2.4999999999999998e-05 1.4956207275390625
2.4999999999999998e-05 1.7253265380859375
2.4999999999999998e-05 1.7775115966796875
2.4999999999999998e-05 1.61407470703125
2.4999999999999998e-05 1.7082672119140625
2.4999999999999998e-05 1.5870513916015625
2.4999999999999998e-05 1.8568572998046875
2.4999999999999998e-05 1.5138702392578125
2.4999999999999998e-05 1.86883544921875
2.4999999999999998e-05 2.0281524658203125
2.4999999999999998e-05 1.661376953125
2.4999999999999998e-05 1.8555755615234375
2.4999999999999998e-05 2.010894775390625
2.4999999999999998e-05 2.05902099609375
2.4999999999999998e-05 1.64556884765625
2.4999999999999998e-05 1.8278045654296875
2.4999999999999998e-05 2.0339202880859375
2.4999999999999998e-05 2.0479888916015625
2.4999999999999998e-05 1.6847381591796875
2.4999999999999998e-05 1.85003662109375
2.4999999999999998e-05 1.487274169921875
2.4999999999999998e-05 1.638031005859375
2.4999999999999998e-05 2.2914886474609375
2.4999999999999998e-05 1.805633544921875
2.4999999999999998e-05 1.7673492431640625
2.4999999999999998e-05 1.5607147216796875
2.4999999999999998e-05 1.7061309814453125
2.4999999999999998e-05 1.6508636474609375
2.4999999999999998e-05 1.72869873046875
2.4999999999999998e-05 2.137542724609375
2.4999999999999998e-05 2.05908203125
2.4999999999999998e-05 1.723175048828125
2.4999999999999998e-05 1.74859619140625
2.4999999999999998e-05 1.6854400634765625
2.4999999999999998e-05 1.790374755859375
2.4999999999999998e-05 1.4989471435546875
2.4999999999999998e-05 1.647430419921875
2.4999999999999998e-05 1.4744415283203125
2.4999999999999998e-05 1.750457763671875
2.4999999999999998e-05 1.8283843994140625
2.4999999999999998e-05 1.861907958984375
2.4999999999999998e-05 2.0785675048828125
2.4999999999999998e-05 1.7430572509765625
2.4999999999999998e-05 1.597381591796875
2.4999999999999998e-05 2.021209716796875
2.4999999999999998e-05 1.75494384765625
2.4999999999999998e-05 1.9983673095703125
2.4999999999999998e-05 1.7756500244140625
2.4999999999999998e-05 1.821014404296875
2.4999999999999998e-05 1.4501800537109375
2.4999999999999998e-05 1.8714599609375
2.4999999999999998e-05 1.90191650390625
2.4999999999999998e-05 1.7227630615234375
2.4999999999999998e-05 1.8201446533203125
2.4999999999999998e-05 1.681060791015625
2.4999999999999998e-05 1.716461181640625
2.4999999999999998e-05 1.6237030029296875
2.4999999999999998e-05 1.52239990234375
2.4999999999999998e-05 1.613372802734375
2.4999999999999998e-05 1.8854217529296875
2.4999999999999998e-05 1.8530731201171875
2.4999999999999998e-05 1.6920166015625
2.4999999999999998e-05 1.8879241943359375
2.4999999999999998e-05 1.69293212890625
2.4999999999999998e-05 1.609039306640625
2.4999999999999998e-05 1.699188232421875
2.4999999999999998e-05 1.8292388916015625
2.4999999999999998e-05 2.235870361328125
2.4999999999999998e-05 1.709869384765625
2.4999999999999998e-05 1.81414794921875
2.4999999999999998e-05 1.76983642578125
2.4999999999999998e-05 1.6375732421875
2.4999999999999998e-05 2.0486907958984375
2.4999999999999998e-05 1.7627105712890625
2.4999999999999998e-05 2.298187255859375
2.4999999999999998e-05 1.7037353515625
2.4999999999999998e-05 1.7985687255859375
2.4999999999999998e-05 1.782989501953125
2.4999999999999998e-05 1.477874755859375
2.4999999999999998e-05 1.799072265625
2.4999999999999998e-05 1.5836334228515625
2.4999999999999998e-05 1.6805154085159302
0.000125 1.945709228515625
0.000125 1.7955322265625
0.000125 1.6709518432617188
0.000125 2.1270599365234375
0.000125 2.1227035522460938
0.000125 1.736328125
0.000125 1.623504638671875
0.000125 1.8673095703125
0.000125 1.9441375732421875
0.000125 1.603607177734375
0.000125 2.14251708984375
0.000125 1.9228363037109375
0.000125 1.799957275390625
0.000125 1.836181640625
0.000125 1.761474609375
0.000125 1.885223388671875
0.000125 1.9101715087890625
0.000125 2.0131378173828125
0.000125 1.81280517578125
0.000125 1.8078155517578125
0.000125 2.1926422119140625
0.000125 1.844970703125
0.000125 1.7851104736328125
0.000125 1.960418701171875
0.000125 1.6131591796875
0.000125 1.537261962890625
0.000125 1.8423919677734375
0.000125 1.5300750732421875
0.000125 1.465789794921875
0.000125 1.8226470947265625
0.000125 1.6986007690429688
0.000125 1.9635467529296875
0.000125 1.5811767578125
0.000125 1.7095489501953125
0.000125 1.8836669921875
0.000125 1.7286376953125
0.000125 1.984039306640625
0.000125 1.7514190673828125
0.000125 1.755157470703125
0.000125 1.71417236328125
0.000125 1.7558441162109375
0.000125 2.283355712890625
0.000125 1.808685302734375
0.000125 2.0108489990234375
0.000125 1.6617584228515625
0.000125 2.1475982666015625
0.000125 1.754547119140625
0.000125 1.832977294921875
0.000125 1.720916748046875
0.000125 1.8843231201171875
0.000125 1.727783203125
0.000125 1.730255126953125
0.000125 1.70703125
0.000125 1.62310791015625
0.000125 1.58258056640625
0.000125 1.793487548828125
0.000125 1.4340667724609375
0.000125 2.0736923217773438
0.000125 1.8266754150390625
0.000125 1.5247039794921875
0.000125 1.643890380859375
0.000125 1.6839599609375
0.000125 1.4583740234375
0.000125 1.7567901611328125
0.000125 1.4334869384765625
0.000125 1.4794921875
0.000125 1.592529296875
0.000125 1.8395614624023438
0.000125 1.8369140625
0.000125 1.542083740234375
0.000125 1.7033843994140625
0.000125 1.55413818359375
0.000125 1.681396484375
0.000125 1.7476806640625
0.000125 1.591033935546875
0.000125 2.2432098388671875
0.000125 1.980560302734375
0.000125 1.7983245849609375
0.000125 1.822418212890625
0.000125 1.344146728515625
0.000125 1.7493743896484375
0.000125 1.762847900390625
0.000125 1.67010498046875
0.000125 2.110931396484375
0.000125 1.706390380859375
0.000125 1.55908203125
0.000125 1.4065704345703125
0.000125 1.515472412109375
0.000125 1.3420867919921875
0.000125 1.393341064453125
0.000125 1.5514678955078125
0.000125 1.663787841796875
0.000125 1.5211715698242188
0.000125 1.37750244140625
0.000125 1.6090164184570312
0.000125 1.573150634765625
0.000125 1.4590682983398438
0.000125 1.5914382934570312
0.000125 1.657501220703125
0.000125 1.8069992065429688
0.000125 1.3034210205078125
0.000125 1.2195281982421875
0.000125 1.5559310913085938
0.000125 1.2849197387695312
0.000125 1.1300277709960938
0.000125 1.27581787109375
0.000125 1.503204345703125
0.000125 1.3515853881835938
0.000125 1.3931808471679688
0.000125 1.5029983520507812
0.000125 1.575927734375
0.000125 1.4150314331054688
0.000125 1.402435302734375
0.000125 1.458831787109375
0.000125 1.206451416015625
0.000125 1.3337860107421875
0.000125 1.439422607421875
0.000125 1.4333877563476562
0.000125 1.3725967407226562
0.000125 1.4339981079101562
0.000125 1.2969207763671875
0.000125 1.09344482421875
0.000125 1.6653671264648438
0.000125 1.3865966796875
0.000125 1.3381729125976562
0.000125 1.7991256713867188
0.000125 1.4839248657226562
0.000125 1.24774169921875
0.000125 1.3630218505859375
0.000125 1.31231689453125
0.000125 1.3746566772460938
0.000125 1.3054885864257812
0.000125 1.28021240234375
0.000125 1.617828369140625
0.000125 1.5314712524414062
0.000125 1.4557037353515625
0.000125 0.9694976806640625
0.000125 1.0280303955078125
0.000125 1.5000839233398438
0.000125 1.1731033325195312
0.000125 0.9180984497070312
0.000125 1.2934799194335938
0.000125 1.344207763671875
0.000125 0.9698333740234375
0.000125 1.1782302856445312
0.000125 1.3981895446777344
0.000125 1.3597564697265625
0.000125 1.3569107055664062
0.000125 1.3758773803710938
0.000125 1.2970428466796875
0.000125 1.7803573608398438
0.000125 1.3724594116210938
0.000125 1.2385406494140625
0.000125 1.3866844177246094
0.000125 1.6600341796875
0.000125 1.414306640625
0.000125 1.4349212646484375
0.000125 1.395111083984375
0.000125 1.55340576171875
0.000125 1.39923095703125
0.000125 0.9627494812011719
0.000125 1.2357559204101562
0.000125 0.8514366149902344
0.000125 1.5435447692871094
0.000125 1.17852783203125
0.000125 1.4315223693847656
0.000125 0.9746971130371094
0.000125 1.2002716064453125
0.000125 1.327606201171875
0.000125 1.6032867431640625
0.000125 1.3833580017089844
0.000125 1.157989501953125
0.000125 1.08331298828125
0.000125 1.8290481567382812
0.000125 1.2700271606445312
0.000125 1.467437744140625
0.000125 1.1950836181640625
0.000125 0.923309326171875
0.000125 1.4866256713867188
0.000125 1.4104080200195312
0.000125 1.0160140991210938
0.000125 1.2657432556152344
0.000125 1.468505859375
0.000125 1.4468345642089844
0.000125 1.1141586303710938
0.000125 1.8999710083007812
0.000125 1.3379440307617188
0.000125 1.3687667846679688
0.000125 1.0937728881835938
0.000125 1.0855979919433594
0.000125 1.0878448486328125
0.000125 1.3960342407226562
0.000125 1.2070083618164062
0.000125 1.2047958374023438
0.000125 1.250213623046875
0.000125 1.2621269226074219
0.000125 1.8213119506835938
0.000125 1.1595458984375
0.000125 1.257843017578125
0.000125 1.2531509399414062
0.000125 1.1989364624023438
0.000125 1.3220024108886719
0.000125 1.6857223510742188
0.000125 1.2152252197265625
0.000125 1.0543670654296875
0.000125 1.04791259765625
0.000125 1.3899688720703125
0.000125 1.1623001098632812
0.000125 1.4309844970703125
0.000125 1.0696830749511719
0.000125 1.135040283203125
0.000125 1.3928146362304688
0.000125 1.1739883422851562
0.000125 1.413970947265625
0.000125 1.159881591796875
0.000125 1.6297683715820312
0.000125 1.161285400390625
0.000125 0.9126968383789062
0.000125 1.068572998046875
0.000125 0.9548110961914062
0.000125 1.5824356079101562
0.000125 1.4283332824707031
0.000125 1.2876625061035156
0.000125 1.1347427368164062
0.000125 1.1212615966796875
0.000125 1.2493019104003906
0.000125 1.0091171264648438
0.000125 1.2087860107421875
0.000125 1.3882484436035156
0.000125 1.265167236328125
0.000125 1.2417449951171875
0.000125 1.0925712585449219
0.000125 1.0465545654296875
0.000125 1.4234390258789062
0.000125 1.2371826171875
0.000125 1.040802001953125
0.000125 1.0101089477539062
0.000125 1.6596641540527344
0.000125 1.3675575256347656
0.000125 1.3371009826660156
0.000125 1.3759040832519531
0.000125 1.4113540649414062
0.000125 1.2095565795898438
0.000125 0.9619522094726562
0.000125 1.1715354919433594
0.000125 1.0780105590820312
0.000125 1.1735954284667969
0.000125 1.306243896484375
0.000125 1.1243209838867188
0.000125 1.5165863037109375
0.000125 1.1711959838867188
0.000125 1.0912132263183594
0.000125 1.2646446228027344
0.000125 0.6879043579101562
0.000125 1.1267547607421875
0.000125 1.222137451171875
0.000125 1.0994873046875
0.000125 1.1528778076171875
0.000125 1.3853263854980469
0.000125 0.948699951171875
0.000125 0.7707710266113281
0.000125 1.1033248901367188
0.000125 1.0025405883789062
0.000125 0.7876434326171875
0.000125 1.0524406433105469
0.000125 0.964935302734375
0.000125 1.1378402709960938
0.000125 0.6228408813476562
0.000125 1.2117118835449219
0.000125 1.2718162536621094
0.000125 0.9342269897460938
0.000125 1.080291748046875
0.000125 1.1449623107910156
0.000125 1.3067741394042969
0.000125 1.1101493835449219
0.000125 1.1534538269042969
0.000125 1.2730636596679688
0.000125 1.34320068359375
0.000125 0.9854965209960938
0.000125 1.3438606262207031
0.000125 1.2915687561035156
0.000125 1.1013374328613281
0.000125 1.4874801635742188
0.000125 1.221628189086914
0.000125 1.06982421875
0.000125 0.9286918640136719
0.000125 1.2072029113769531
0.000125 1.1685714721679688
0.000125 1.1926116943359375
0.000125 1.5415725708007812
0.000125 1.4219322204589844
0.000125 1.0627460479736328
0.000125 0.9862632751464844
0.000125 1.0412826538085938
0.000125 1.2972373962402344
0.000125 0.8984336853027344
0.000125 1.0779247283935547
0.000125 1.0257034301757812
0.000125 1.2381591796875
0.000125 1.4531135559082031
0.000125 1.5174942016601562
0.000125 1.532196044921875
0.000125 1.15777587890625
0.000125 1.1196174621582031
0.000125 1.4409828186035156
0.000125 0.9880447387695312
0.000125 1.0863037109375
0.000125 0.9317054748535156
0.000125 1.4538116455078125
0.000125 0.920074462890625
0.000125 1.1845893859863281
0.000125 1.1352920532226562
0.000125 0.8676834106445312
0.000125 0.7783775329589844
0.000125 0.9936866760253906
0.000125 0.9443740844726562
0.000125 0.8817787170410156
0.000125 0.6780967712402344
0.000125 0.9735546112060547
0.000125 1.0610237121582031
0.000125 1.3749103546142578
0.000125 0.8267250061035156
0.000125 1.1068572998046875
0.000125 0.739837646484375
0.000125 0.6283855438232422
0.000125 0.9966697692871094
0.000125 1.691293716430664
0.000125 1.2098102569580078
0.000125 0.9750518798828125
0.000125 1.3728179931640625
0.000125 1.2282524108886719
0.000125 1.3037796020507812
0.000125 1.1291084289550781
0.000125 1.0220184326171875
0.000125 1.4655265808105469
0.000125 1.11529541015625
0.000125 1.3084030151367188
0.000125 1.2399520874023438
0.000125 0.9961814880371094
0.000125 1.1693992614746094
0.000125 1.011993408203125
0.000125 0.8706957101821899
0.000625 1.2900543212890625
0.000625 1.2191829681396484
0.000625 1.1287994384765625
0.000625 1.2250480651855469
0.000625 1.6694145202636719
0.000625 1.6569480895996094
0.000625 1.1339645385742188
0.000625 1.5157928466796875
0.000625 1.1760406494140625
0.000625 0.9605255126953125
0.000625 1.3778038024902344
0.000625 1.2495269775390625
0.000625 1.163299560546875
0.000625 0.9115409851074219
0.000625 1.6530399322509766
0.000625 1.7823982238769531
0.000625 1.4356651306152344
0.000625 1.7754364013671875
0.000625 1.3410358428955078
0.000625 1.1956806182861328
0.000625 1.5420379638671875
0.000625 1.2550735473632812
0.000625 2.686887741088867
0.000625 1.6519203186035156
0.000625 1.3480148315429688
0.000625 1.0013484954833984
0.000625 1.3636627197265625
0.000625 1.0077152252197266
0.000625 1.1314105987548828
0.000625 1.7346606254577637
0.000625 0.9997916221618652
0.000625 2.7985520362854004
0.000625 2.5301666259765625
0.000625 1.6142373085021973
0.000625 3.3501291275024414
0.000625 3.9313793182373047
0.000625 1.9617767333984375
0.000625 1.3862457275390625
0.000625 1.7431983947753906
0.000625 1.5850181579589844
0.000625 1.2903976440429688
0.000625 2.168212890625
0.000625 1.847198486328125
0.000625 1.8013839721679688
0.000625 1.9134292602539062
0.000625 1.9011077880859375
0.000625 1.355804443359375
0.000625 1.4022064208984375
0.000625 1.6502532958984375
0.000625 1.313446044921875
0.000625 1.341949462890625
0.000625 1.293060302734375
0.000625 1.2479400634765625
0.000625 1.2739944458007812
0.000625 1.4585113525390625
0.000625 1.5191459655761719
0.000625 1.1688613891601562
0.000625 1.5839767456054688
0.000625 1.1551284790039062
0.000625 1.2822799682617188
0.000625 1.2980422973632812
0.000625 1.2716445922851562
0.000625 1.0487518310546875
0.000625 1.978851318359375
0.000625 1.0167236328125
0.000625 1.0289230346679688
0.000625 1.5074577331542969
0.000625 3.58245849609375
0.000625 2.3379440307617188
0.000625 1.2341232299804688
0.000625 1.4424514770507812
0.000625 1.288909912109375
0.000625 1.115936279296875
0.000625 1.4539794921875
0.000625 1.0230484008789062
0.000625 1.9097900390625
0.000625 1.6565399169921875
0.000625 1.9587249755859375
0.000625 1.837646484375
0.000625 1.1990814208984375
0.000625 1.2587432861328125
0.000625 1.2301559448242188
0.000625 1.363433837890625
0.000625 1.6582412719726562
0.000625 1.1559524536132812
0.000625 1.4599685668945312
0.000625 1.4396514892578125
0.000625 1.2353363037109375
0.000625 0.9265518188476562
0.000625 1.0625991821289062
0.000625 1.1464118957519531
0.000625 1.49249267578125
0.000625 1.528350830078125
0.000625 1.8698806762695312
0.000625 1.8548049926757812
0.000625 1.208251953125
0.000625 1.2363433837890625
0.000625 2.0565338134765625
0.000625 1.620697021484375
0.000625 1.4371109008789062
0.000625 1.2653045654296875
0.000625 1.3006439208984375
0.000625 1.5463104248046875
0.000625 1.1878738403320312
0.000625 1.0695610046386719
0.000625 0.9949722290039062
0.000625 1.2202110290527344
0.000625 1.1479568481445312
0.000625 1.1541976928710938
0.000625 1.3927650451660156
0.000625 1.4112472534179688
0.000625 1.2202835083007812
0.000625 1.3876190185546875
0.000625 1.2715377807617188
0.000625 0.9718666076660156
0.000625 1.2213020324707031
0.000625 1.2314796447753906
0.000625 1.2711334228515625
0.000625 1.0864219665527344
0.000625 1.1765213012695312
0.000625 1.0652313232421875
0.000625 1.026397705078125
0.000625 1.5221023559570312
0.000625 1.2982025146484375
0.000625 1.1841506958007812
0.000625 1.4015045166015625
0.000625 0.9711799621582031
0.000625 1.0822219848632812
0.000625 1.1267204284667969
0.000625 1.0060310363769531
0.000625 0.8933219909667969
0.000625 0.8142013549804688
0.000625 1.0871124267578125
0.000625 0.9371681213378906
0.000625 1.0154190063476562
0.000625 1.310302734375
0.000625 0.8076629638671875
0.000625 0.5988922119140625
0.000625 1.2204856872558594
0.000625 0.8996047973632812
0.000625 0.7141227722167969
0.000625 0.9071426391601562
0.000625 1.2656669616699219
0.000625 0.7490158081054688
0.000625 1.0041561126708984
0.000625 1.1597099304199219
0.000625 1.3705310821533203
0.000625 1.2626724243164062
0.000625 1.7448902130126953
0.000625 1.0629081726074219
0.000625 1.5084342956542969
0.000625 0.9570579528808594
0.000625 1.0597076416015625
0.000625 1.0019149780273438
0.000625 1.543975830078125
0.000625 1.0973377227783203
0.000625 1.3936767578125
0.000625 1.238037109375
0.000625 1.3695297241210938
0.000625 1.0520515441894531
0.000625 0.9020462036132812
0.000625 1.1159286499023438
0.000625 0.7077884674072266
0.000625 1.4113883972167969
0.000625 0.9535026550292969
0.000625 1.1022624969482422
0.000625 0.7750968933105469
0.000625 0.9648475646972656
0.000625 1.0078125
0.000625 1.3965368270874023
0.000625 1.1349525451660156
0.000625 0.9312515258789062
0.000625 0.765106201171875
0.000625 1.5348701477050781
0.000625 0.8080778121948242
0.000625 1.1743659973144531
0.000625 1.0898323059082031
0.000625 0.6953506469726562
0.000625 1.0928821563720703
0.000625 0.9439563751220703
0.000625 0.9037704467773438
0.000625 1.2103691101074219
0.000625 0.962646484375
0.000625 1.3883476257324219
0.000625 2.2241363525390625
0.000625 2.477354049682617
0.000625 1.2431488037109375
0.000625 1.1057167053222656
0.000625 0.9083709716796875
0.000625 0.9930000305175781
0.000625 0.8778648376464844
0.000625 1.0280323028564453
0.000625 0.9575042724609375
0.000625 1.207122802734375
0.000625 0.9580307006835938
0.000625 0.8484611511230469
0.000625 1.710357666015625
0.000625 0.8715667724609375
0.000625 1.0739936828613281
0.000625 1.2375602722167969
0.000625 1.1710891723632812
0.000625 1.1298885345458984
0.000625 1.1601295471191406
0.000625 1.3296241760253906
0.000625 0.8855533599853516
0.000625 0.8979592323303223
0.000625 1.0861148834228516
0.000625 0.8159503936767578
0.000625 1.1316375732421875
0.000625 0.9464378356933594
0.000625 0.7902889251708984
0.000625 1.0611610412597656
0.000625 0.8578872680664062
0.000625 1.114710807800293
0.000625 0.793846607208252
0.000625 1.41107177734375
0.000625 0.6889896392822266
0.000625 0.5914506912231445
0.000625 1.0758743286132812
0.000625 0.8013744354248047
0.000625 1.517012596130371
0.000625 1.1003532409667969
0.000625 1.3407669067382812
0.000625 1.7715377807617188
0.000625 1.7358474731445312
0.000625 1.5979595184326172
0.000625 0.7890090942382812
0.000625 1.1053400039672852
0.000625 2.6527843475341797
0.000625 2.776315689086914
0.000625 2.432647705078125
0.000625 1.7857723236083984
0.000625 1.047861099243164
0.000625 1.0870685577392578
0.000625 0.9609909057617188
0.000625 1.1762971878051758
0.000625 1.3487472534179688
0.000625 1.4791641235351562
0.000625 1.165867805480957
0.000625 1.2658233642578125
0.000625 0.9549665451049805
0.000625 1.6456985473632812
0.000625 1.174896240234375
0.000625 0.8197011947631836
0.000625 1.1874351501464844
0.000625 0.8666400909423828
0.000625 0.8907585144042969
0.000625 0.9806957244873047
0.000625 1.00994873046875
0.000625 1.2595586776733398
0.000625 0.9315261840820312
0.000625 0.7289829254150391
0.000625 1.0244483947753906
0.000625 0.5695629119873047
0.000625 0.9619464874267578
0.000625 1.0832281112670898
0.000625 0.976262092590332
0.000625 0.8106460571289062
0.000625 0.9133033752441406
0.000625 0.7166614532470703
0.000625 0.5458412170410156
0.000625 0.6050300598144531
0.000625 0.8052806854248047
0.000625 0.5806941986083984
0.000625 0.7999439239501953
0.000625 0.6673469543457031
0.000625 0.7018470764160156
0.000625 0.38055896759033203
0.000625 0.9437141418457031
0.000625 1.0308246612548828
0.000625 0.8431806564331055
0.000625 0.7879390716552734
0.000625 0.7960929870605469
0.000625 0.9029617309570312
0.000625 0.8465404510498047
0.000625 1.2264785766601562
0.000625 0.9443264007568359
0.000625 1.0685806274414062
0.000625 1.0183029174804688
0.000625 1.212747573852539
0.000625 0.7363319396972656
0.000625 0.8990707397460938
0.000625 1.3069233894348145
0.000625 1.1182870864868164
0.000625 0.7891349792480469
0.000625 0.7408056259155273
0.000625 1.0662384033203125
0.000625 1.059539794921875
0.000625 0.7022590637207031
0.000625 1.1239337921142578
0.000625 1.204606056213379
0.000625 0.818819522857666
0.000625 0.7091608047485352
0.000625 0.6108059883117676
0.000625 1.109004020690918
0.000625 0.6666431427001953
0.000625 0.7274703979492188
0.000625 0.8332557678222656
0.000625 0.9131994247436523
0.000625 1.2688617706298828
0.000625 1.1543083190917969
0.000625 0.7393150329589844
0.000625 0.8900947570800781
0.000625 1.1216192245483398
0.000625 1.066274642944336
0.000625 0.5993833541870117
0.000625 0.8449106216430664
0.000625 0.8702163696289062
0.000625 1.3064651489257812
0.000625 0.5601544380187988
0.000625 1.1718559265136719
0.000625 1.0782337188720703
0.000625 0.7900233268737793
0.000625 0.6658163070678711
0.000625 0.8302907943725586
0.000625 0.6763339042663574
0.000625 0.6458249092102051
0.000625 0.4730558395385742
0.000625 0.7140755653381348
0.000625 0.7780900001525879
0.000625 1.0205554962158203
0.000625 0.6515021324157715
0.000625 0.784881591796875
0.000625 0.4346582889556885
0.000625 0.48888635635375977
0.000625 0.8808493614196777
0.000625 1.136195182800293
0.000625 0.759770393371582
0.000625 0.7320871353149414
0.000625 0.8408083915710449
0.000625 0.6963672637939453
0.000625 0.7153587341308594
0.000625 0.6908321380615234
0.000625 0.8321495056152344
0.000625 0.8987102508544922
0.000625 0.7342987060546875
0.000625 1.0135765075683594
0.000625 0.8905601501464844
0.000625 0.7859210968017578
0.000625 0.953488826751709
0.000625 0.8474254608154297
0.000625 0.9680169224739075
0.003125 1.1056756973266602
0.003125 3.147684097290039
0.003125 4.53587532043457
0.003125 2.730316638946533
0.003125 3.0929183959960938
0.003125 2.1731719970703125
0.003125 1.4692840576171875
0.003125 1.6377449035644531
0.003125 1.9728507995605469
0.003125 1.7361259460449219
0.003125 2.0443592071533203
0.003125 1.531494140625
0.003125 1.4398307800292969
0.003125 1.21826171875
0.003125 1.4441137313842773
0.003125 1.6269922256469727
0.003125 1.3759231567382812
0.003125 1.4780120849609375
0.003125 1.0935659408569336
0.003125 1.157684326171875
0.003125 1.4338703155517578
0.003125 1.33740234375
0.003125 1.2593498229980469
0.003125 1.3083992004394531
0.003125 1.357686996459961
0.003125 0.8445892333984375
0.003125 1.1129035949707031
0.003125 0.7692499160766602
0.003125 1.1202392578125
0.003125 2.377915382385254
0.003125 0.9021480083465576
0.003125 2.68095064163208
0.003125 1.8470096588134766
0.003125 1.5731372833251953
0.003125 1.3335227966308594
0.003125 1.1821844577789307
0.003125 1.1969151496887207
0.003125 0.9130001068115234
0.003125 0.9369649887084961
0.003125 1.0528149604797363
0.003125 0.8644008636474609
0.003125 1.597524642944336
0.003125 1.556488037109375
0.003125 1.388519287109375
0.003125 1.3437786102294922
0.003125 1.3314094543457031
0.003125 1.26080322265625
0.003125 1.2036266326904297
0.003125 1.2346062660217285
0.003125 1.2632875442504883
0.003125 1.3757553100585938
0.003125 0.8305816650390625
0.003125 1.2038249969482422
0.003125 1.0421981811523438
0.003125 0.8163409233093262
0.003125 0.9052414894104004
0.003125 0.7282142639160156
0.003125 1.1262857913970947
0.003125 0.7643172144889832
0.003125 0.632515549659729
0.003125 1.5127575397491455
0.003125 1.6084978580474854
0.003125 0.9493236541748047
0.003125 0.8977937698364258
0.003125 0.5844020843505859
0.003125 0.5088233947753906
0.003125 0.5307906270027161
0.003125 0.9248855710029602
0.003125 1.6727111339569092
0.003125 0.9675203561782837
0.003125 0.902424693107605
0.003125 0.8986659049987793
0.003125 0.4967665672302246
0.003125 2.0756609439849854
0.003125 1.4899463653564453
0.003125 2.1122608184814453
0.003125 1.1452178955078125
0.003125 1.041421890258789
0.003125 1.0798921585083008
0.003125 0.6565170288085938
0.003125 1.2231006622314453
0.003125 0.9973373413085938
0.003125 0.6196537017822266
0.003125 0.9902610778808594
0.003125 0.6153907775878906
0.003125 0.8351149559020996
0.003125 0.7916882038116455
0.003125 0.8284237384796143
0.003125 0.5533313751220703
0.003125 0.37376296520233154
0.003125 1.105830192565918
0.003125 0.6974070072174072
0.003125 1.501845359802246
0.003125 1.8045742511749268
0.003125 1.0088794231414795
0.003125 1.8311970233917236
0.003125 2.328385353088379
0.003125 1.6840534210205078
0.003125 1.0130047798156738
0.003125 1.0405097007751465
0.003125 0.8331823348999023
0.003125 0.6951904296875
0.003125 0.7167829871177673
0.003125 0.9492805600166321
0.003125 1.4156947135925293
0.003125 0.9255905151367188
0.003125 0.9389925003051758
0.003125 0.8067716956138611
0.003125 1.199770212173462
0.003125 0.9747942090034485
0.003125 0.7568362951278687
0.003125 0.9712257385253906
0.003125 1.0274527072906494
0.003125 0.9794024229049683
0.003125 0.525031566619873
0.003125 1.3042097091674805
0.003125 1.5146088600158691
0.003125 1.4672906398773193
0.003125 0.6102200746536255
0.003125 1.1533870697021484
0.003125 0.9583736658096313
0.003125 0.5617435574531555
0.003125 1.1353554725646973
0.003125 1.4871368408203125
0.003125 1.5313329696655273
0.003125 1.2931098937988281
0.003125 0.49412691593170166
0.003125 0.9988916516304016
0.003125 1.2949557304382324
0.003125 0.8665332794189453
0.003125 1.1514484882354736
0.003125 1.626479148864746
0.003125 1.8111445903778076
0.003125 1.2509896755218506
0.003125 1.0772056579589844
0.003125 1.2679870128631592
0.003125 1.0927085876464844
0.003125 1.0502262115478516
0.003125 1.784592628479004
0.003125 1.2270288467407227
0.003125 0.8743464946746826
0.003125 1.1569359302520752
0.003125 1.637345552444458
0.003125 0.6612677574157715
0.003125 0.8234224319458008
0.003125 1.030395746231079
0.003125 1.278280258178711
0.003125 1.006089448928833
0.003125 1.05660080909729
0.003125 0.8663527965545654
0.003125 0.9844985008239746
0.003125 0.623967170715332
0.003125 0.6942014694213867
0.003125 0.4216728210449219
0.003125 0.6413488388061523
0.003125 0.8449015617370605
0.003125 0.9990415573120117
0.003125 0.827549934387207
0.003125 1.2182350158691406
0.003125 0.6113772392272949
0.003125 0.3504219055175781
0.003125 0.5780620574951172
0.003125 0.3453723192214966
0.003125 0.7566627264022827
0.003125 0.6903257369995117
0.003125 1.1958403587341309
0.003125 0.502535343170166
0.003125 0.7897933125495911
0.003125 0.6563464403152466
0.003125 1.3785327672958374
0.003125 0.7230091094970703
0.003125 0.8905298709869385
0.003125 0.5553913116455078
0.003125 1.5188007354736328
0.003125 0.9580879211425781
0.003125 0.9880446195602417
0.003125 0.7610602974891663
0.003125 0.9331357479095459
0.003125 0.9574298858642578
0.003125 0.8003644943237305
0.003125 0.583082377910614
0.003125 0.9741741418838501
0.003125 0.7319188117980957
0.003125 0.9504051208496094
0.003125 0.6202366948127747
0.003125 1.5885403156280518
0.003125 0.9948976039886475
0.003125 0.770886242389679
0.003125 0.6730074882507324
0.003125 0.425950825214386
0.003125 0.4700455069541931
0.003125 0.8012584447860718
0.003125 0.641364574432373
0.003125 1.1588573455810547
0.003125 0.7133939862251282
0.003125 0.6505848169326782
0.003125 1.2205901145935059
0.003125 0.9962582588195801
0.003125 0.7894860506057739
0.003125 0.5952720642089844
0.003125 0.7819352149963379
0.003125 1.1115570068359375
0.003125 0.9446554183959961
0.003125 0.7629742622375488
0.003125 0.725224494934082
0.003125 0.6499931216239929
0.003125 0.7830902338027954
0.003125 0.5131728649139404
0.003125 0.904010534286499
0.003125 0.6124205589294434
0.003125 0.288303017616272
0.003125 0.8649976253509521
0.003125 0.9067130088806152
0.003125 0.6201714277267456
0.003125 0.8011137247085571
0.003125 0.893934965133667
0.003125 0.48131585121154785
0.003125 0.3444833755493164
0.003125 0.6845026016235352
0.003125 0.7064032554626465
0.003125 1.1289291381835938
0.003125 0.8649349212646484
0.003125 1.2174088954925537
0.003125 0.7561272382736206
0.003125 0.6769921779632568
0.003125 0.5682268142700195
0.003125 0.7502822875976562
0.003125 0.7576041221618652
0.003125 0.6064770221710205
0.003125 0.5878281593322754
0.003125 1.07281494140625
0.003125 0.45960235595703125
0.003125 0.4731018543243408
0.003125 0.8590326309204102
0.003125 0.6826446056365967
0.003125 0.381985068321228
0.003125 0.793370246887207
0.003125 1.0444979667663574
0.003125 0.9554749727249146
0.003125 0.921820878982544
0.003125 0.7186237573623657
0.003125 0.7690215110778809
0.003125 0.5776152610778809
0.003125 0.5646605491638184
0.003125 1.3323683738708496
0.003125 0.7201099395751953
0.003125 0.42899155616760254
0.003125 0.8753857612609863
0.003125 0.5380675792694092
0.003125 0.843666672706604
0.003125 0.5357189774513245
0.003125 0.2569488286972046
0.003125 0.5835234522819519
0.003125 0.2322644293308258
0.003125 0.8039455413818359
0.003125 1.0366778373718262
0.003125 1.0607233047485352
0.003125 0.7794589996337891
0.003125 0.7088263034820557
0.003125 0.42020726203918457
0.003125 0.250713050365448
0.003125 0.5410679578781128
0.003125 0.6477558612823486
0.003125 0.6581017374992371
0.003125 0.5316290259361267
0.003125 0.5615179538726807
0.003125 0.3356498181819916
0.003125 0.1675785779953003
0.003125 0.573156476020813
0.003125 0.48747870326042175
0.003125 0.542137622833252
0.003125 0.5449815392494202
0.003125 0.5692011117935181
0.003125 1.147554636001587
0.003125 0.3991655707359314
0.003125 0.5972121953964233
0.003125 0.8755633234977722
0.003125 0.8122174739837646
0.003125 0.6418788433074951
0.003125 0.6359871625900269
0.003125 0.8452863693237305
0.003125 0.5527918338775635
0.003125 0.8436024188995361
0.003125 0.7500427961349487
0.003125 0.5377941131591797
0.003125 0.7346113920211792
0.003125 0.6057062149047852
0.003125 0.6310338973999023
0.003125 0.4560995101928711
0.003125 1.0602138042449951
0.003125 0.8826351165771484
0.003125 0.7643489837646484
0.003125 0.6287059783935547
0.003125 0.5808560848236084
0.003125 0.8754094243049622
0.003125 0.5922682285308838
0.003125 0.712142825126648
0.003125 0.5551888346672058
0.003125 0.6173194646835327
0.003125 0.7912766933441162
0.003125 1.0701730251312256
0.003125 0.6408126354217529
0.003125 0.4654355049133301
0.003125 0.5140058994293213
0.003125 0.7735147476196289
0.003125 0.48862648010253906
0.003125 0.5377531051635742
0.003125 0.6228747367858887
0.003125 0.5407810211181641
0.003125 0.20365142822265625
0.003125 0.6450090408325195
0.003125 0.6075873374938965
0.003125 0.38062286376953125
0.003125 0.5237827301025391
0.003125 0.6587841510772705
0.003125 0.25685954093933105
0.003125 0.3841683864593506
0.003125 0.24332213401794434
0.003125 0.37769508361816406
0.003125 0.6056349277496338
0.003125 0.7001817226409912
0.003125 0.3571300506591797
0.003125 0.5347602367401123
0.003125 0.2233262062072754
0.003125 0.24119305610656738
0.003125 0.37480926513671875
0.003125 0.6121823787689209
0.003125 1.1680799722671509
0.003125 0.44700151681900024
0.003125 0.7396420836448669
0.003125 0.7000008225440979
0.003125 0.807490885257721
0.003125 0.6110150814056396
0.003125 0.7330548763275146
0.003125 0.9485671520233154
0.003125 0.483583927154541
0.003125 0.5180997848510742
0.003125 0.6445727348327637
0.003125 0.5709226131439209
0.003125 0.6158575415611267
0.003125 0.3983418941497803
0.003125 0.4036242365837097
0.015625 0.9059532880783081
0.015625 3.3743934631347656
0.015625 4.548847198486328
0.015625 3.231806755065918
0.015625 3.4966187477111816
0.015625 1.327789545059204
0.015625 1.311511754989624
0.015625 1.4766837358474731
0.015625 1.9256677627563477
0.015625 7.7885284423828125
0.015625 3.06610107421875
0.015625 5.1695451736450195
0.015625 3.762359619140625
0.015625 4.141471862792969
0.015625 3.8867340087890625
0.015625 2.845062255859375
0.015625 2.1405181884765625
0.015625 4.3551025390625
0.015625 3.137054443359375
0.015625 3.0864410400390625
0.015625 2.76495361328125
0.015625 2.2372207641601562
0.015625 2.182159423828125
0.015625 2.178253173828125
0.015625 2.1796875
0.015625 3.195158004760742
0.015625 4.0841827392578125
0.015625 2.450408935546875
0.015625 2.2850494384765625
0.015625 2.0841064453125
0.015625 1.9745635986328125
0.015625 2.189697265625
0.015625 2.1077880859375
0.015625 1.9412994384765625
0.015625 2.7981910705566406
0.015625 2.1279296875
0.015625 1.9871826171875
0.015625 2.122467041015625
0.015625 2.459136962890625
0.015625 1.937652587890625
0.015625 2.7049789428710938
0.015625 3.0689849853515625
0.015625 2.701873779296875
0.015625 2.358184814453125
0.015625 2.196685791015625
0.015625 2.71783447265625
0.015625 2.0771484375
0.015625 2.0402679443359375
0.015625 2.1180877685546875
0.015625 2.172149658203125
0.015625 2.2294921875
0.015625 2.097686767578125
0.015625 1.660614013671875
0.015625 2.3274688720703125
0.015625 1.7960319519042969
0.015625 2.493499755859375
0.015625 1.5245361328125
0.015625 2.4380340576171875
0.015625 1.923614501953125
0.015625 2.5614013671875
0.015625 2.63214111328125
0.015625 2.5352783203125
0.015625 2.0528564453125
0.015625 2.00433349609375
0.015625 1.5421142578125
0.015625 1.63360595703125
0.015625 1.938934326171875
0.015625 2.437255859375
0.015625 2.24664306640625
0.015625 2.203582763671875
0.015625 2.570343017578125
0.015625 2.0730133056640625
0.015625 1.89434814453125
0.015625 2.778106689453125
0.015625 2.69451904296875
0.015625 2.5583343505859375
0.015625 2.28314208984375
0.015625 2.401214599609375
0.015625 2.0416259765625
0.015625 1.851165771484375
0.015625 2.154144287109375
0.015625 2.391082763671875
0.015625 1.95709228515625
0.015625 2.68212890625
0.015625 2.0184326171875
0.015625 1.9294281005859375
0.015625 1.9302978515625
0.015625 2.365814208984375
0.015625 2.06219482421875
0.015625 1.644256591796875
0.015625 1.95172119140625
0.015625 2.243072509765625
0.015625 1.78387451171875
0.015625 1.9152374267578125
0.015625 2.09808349609375
0.015625 1.88037109375
0.015625 2.056488037109375
0.015625 1.7650146484375
0.015625 1.924072265625
0.015625 1.9178466796875
0.015625 1.79718017578125
0.015625 1.68133544921875
0.015625 1.896514892578125
0.015625 1.874725341796875
0.015625 1.76763916015625
0.015625 1.7305908203125
0.015625 1.992584228515625
0.015625 2.0130615234375
0.015625 1.90234375
0.015625 2.239990234375
0.015625 2.231109619140625
0.015625 1.83404541015625
0.015625 2.27056884765625
0.015625 1.86920166015625
0.015625 1.927703857421875
0.015625 1.94708251953125
0.015625 2.173675537109375
0.015625 2.201171875
0.015625 1.9202880859375
0.015625 1.9686279296875
0.015625 2.214630126953125
0.015625 1.858734130859375
0.015625 2.131927490234375
0.015625 1.887542724609375
0.015625 1.88409423828125
0.015625 2.456756591796875
0.015625 1.933380126953125
0.015625 2.2324981689453125
0.015625 2.307098388671875
0.015625 1.9580078125
0.015625 2.128021240234375
0.015625 1.856903076171875
0.015625 1.91693115234375
0.015625 2.044525146484375
0.015625 1.794586181640625
0.015625 2.367279052734375
0.015625 1.73077392578125
0.015625 1.615997314453125
0.015625 2.1075439453125
0.015625 1.8258056640625
0.015625 1.691986083984375
0.015625 2.1285400390625
0.015625 2.111968994140625
0.015625 1.64324951171875
0.015625 1.826507568359375
0.015625 2.146240234375
0.015625 2.19873046875
0.015625 1.76239013671875
0.015625 1.969970703125
0.015625 1.963653564453125
0.015625 2.1290283203125
0.015625 1.898834228515625
0.015625 1.95404052734375
0.015625 1.90240478515625
0.015625 1.679840087890625
0.015625 2.086578369140625
0.015625 2.234893798828125
0.015625 1.960479736328125
0.015625 1.9852294921875
0.015625 2.0012359619140625
0.015625 1.6544189453125
0.015625 1.884185791015625
0.015625 1.7821044921875
0.015625 1.9736328125
0.015625 1.95196533203125
0.015625 1.9143829345703125
0.015625 1.613037109375
0.015625 1.739410400390625
0.015625 1.9014892578125
0.015625 2.51025390625
0.015625 1.7475433349609375
0.015625 1.7409210205078125
0.015625 1.7005615234375
0.015625 2.122344970703125
0.015625 1.926116943359375
0.015625 2.0882568359375
0.015625 1.816741943359375
0.015625 1.546875
0.015625 2.0339202880859375
0.015625 1.866180419921875
0.015625 1.719207763671875
0.015625 2.0723876953125
0.015625 1.711578369140625
0.015625 1.653167724609375
0.015625 1.553009033203125
0.015625 2.438323974609375
0.015625 2.25927734375
0.015625 2.29522705078125
0.015625 1.948333740234375
0.015625 2.045196533203125
0.015625 2.138214111328125
0.015625 2.128173828125
0.015625 1.918609619140625
0.015625 1.939544677734375
0.015625 1.98419189453125
0.015625 1.796600341796875
0.015625 2.442352294921875
0.015625 2.129638671875
0.015625 2.091552734375
0.015625 1.751708984375
0.015625 1.903839111328125
0.015625 2.01666259765625
0.015625 2.286895751953125
0.015625 1.9033203125
0.015625 1.97027587890625
0.015625 1.84033203125
0.015625 2.00714111328125
0.015625 1.70172119140625
0.015625 2.237640380859375
0.015625 1.758941650390625
0.015625 1.580963134765625
0.015625 2.2047271728515625
0.015625 1.993682861328125
0.015625 1.9492645263671875
0.015625 1.9144287109375
0.015625 2.1912841796875
0.015625 1.8485107421875
0.015625 1.811126708984375
0.015625 1.727874755859375
0.015625 1.882293701171875
0.015625 2.1220703125
0.015625 2.1312255859375
0.015625 2.122711181640625
0.015625 1.993011474609375
0.015625 2.049041748046875
0.015625 2.14605712890625
0.015625 1.769378662109375
0.015625 1.86981201171875
0.015625 1.705291748046875
0.015625 1.669891357421875
0.015625 2.0978240966796875
0.015625 1.80889892578125
0.015625 1.610992431640625
0.015625 2.302734375
0.015625 2.1572113037109375
0.015625 1.9786224365234375
0.015625 1.5684814453125
0.015625 2.23828125
0.015625 2.03631591796875
0.015625 1.97528076171875
0.015625 1.98004150390625
0.015625 2.0863037109375
0.015625 2.02752685546875
0.015625 1.6824951171875
0.015625 1.88006591796875
0.015625 1.669921875
0.015625 1.600799560546875
0.015625 1.8794403076171875
0.015625 2.0516510009765625
0.015625 2.10137939453125
0.015625 1.9551239013671875
0.015625 1.786529541015625
0.015625 1.99951171875
0.015625 1.758331298828125
0.015625 1.918792724609375
0.015625 1.689300537109375
0.015625 1.7761993408203125
0.015625 1.75897216796875
0.015625 2.289703369140625
0.015625 1.939117431640625
0.015625 1.55859375
0.015625 1.72210693359375
0.015625 1.85076904296875
0.015625 1.58953857421875
0.015625 1.957763671875
0.015625 1.62353515625
0.015625 1.878173828125
0.015625 1.4001922607421875
0.015625 2.09765625
0.015625 2.21514892578125
0.015625 1.903411865234375
0.015625 1.897613525390625
0.015625 1.942352294921875
0.015625 2.081146240234375
0.015625 1.781646728515625
0.015625 1.890594482421875
0.015625 2.037109375
0.015625 2.000732421875
0.015625 1.729522705078125
0.015625 1.950653076171875
0.015625 1.629974365234375
0.015625 1.7515716552734375
0.015625 2.3153228759765625
0.015625 1.91265869140625
0.015625 1.730926513671875
0.015625 1.745758056640625
0.015625 1.7989501953125
0.015625 1.7694091796875
0.015625 1.8795928955078125
0.015625 2.3108673095703125
0.015625 2.156494140625
0.015625 1.78192138671875
0.015625 1.773284912109375
0.015625 1.7392578125
0.015625 2.001251220703125
0.015625 1.5721435546875
0.015625 1.733642578125
0.015625 1.423248291015625
0.015625 1.758575439453125
0.015625 1.977142333984375
0.015625 2.1201019287109375
0.015625 2.238494873046875
0.015625 1.74639892578125
0.015625 1.8853759765625
0.015625 2.26287841796875
0.015625 1.84295654296875
0.015625 2.01580810546875
0.015625 1.822113037109375
0.015625 1.9129638671875
0.015625 1.4947509765625
0.015625 1.9008331298828125
0.015625 1.8019561767578125
0.015625 1.856109619140625
0.015625 1.96124267578125
0.015625 1.7762451171875
0.015625 1.8531494140625
0.015625 1.501922607421875
0.015625 1.4560699462890625
0.015625 1.6324310302734375
0.015625 2.00018310546875
0.015625 1.900543212890625
0.015625 1.757354736328125
0.015625 1.898681640625
0.015625 1.74005126953125
0.015625 1.672210693359375
0.015625 1.837432861328125
0.015625 1.89361572265625
0.015625 2.35308837890625
0.015625 1.90118408203125
0.015625 1.92462158203125
0.015625 1.83111572265625
0.015625 1.65301513671875
0.015625 2.0726318359375
0.015625 1.77239990234375
0.015625 2.2747802734375
0.015625 1.7542724609375
0.015625 1.928558349609375
0.015625 1.836029052734375
0.015625 1.55072021484375
0.015625 1.9126434326171875
0.015625 1.587738037109375
0.015625 1.80298912525177
0.078125 2.0084228515625
0.078125 1.9276123046875
0.078125 1.98895263671875
0.078125 2.0712890625
0.078125 2.08270263671875
0.078125 2.333587646484375
0.078125 2.031005859375
0.078125 2.167572021484375
0.078125 2.49957275390625
0.078125 1.978271484375
0.078125 2.540496826171875
0.078125 3.122528076171875
0.078125 1.9864501953125
0.078125 1.9415130615234375
0.078125 1.9599609375
0.078125 2.7022705078125
0.078125 2.29034423828125
0.078125 2.7557754516601562
0.078125 5.021747589111328
0.078125 3.237396240234375
0.078125 3.362579345703125
0.078125 2.4565658569335938
0.078125 2.2015380859375
0.078125 3.5008697509765625
0.078125 3.4149093627929688
0.078125 2.2312164306640625
0.078125 3.139404296875
0.078125 1.9442367553710938
0.078125 2.154541015625
0.078125 2.300689697265625
0.078125 2.9322509765625
0.078125 3.5002899169921875
0.078125 2.0477447509765625
0.078125 2.192596435546875
0.078125 6.8546142578125
0.078125 9.666601181030273
0.078125 7.671175956726074
0.078125 4.856842041015625
0.078125 2.9559326171875
0.078125 3.53521728515625
0.078125 4.45037841796875
0.078125 4.0447540283203125
0.078125 3.36859130859375
0.078125 3.8074951171875
0.078125 1.9453887939453125
0.078125 2.748565673828125
0.078125 5.1816558837890625
0.078125 3.4145660400390625
0.078125 3.028839111328125
0.078125 2.9810028076171875
0.078125 3.328765869140625
0.078125 3.061126708984375
0.078125 2.7753448486328125
0.078125 2.4293975830078125
0.078125 1.58453369140625
0.078125 2.56634521484375
0.078125 1.911834716796875
0.078125 2.6329498291015625
0.078125 2.46575927734375
0.078125 2.3353424072265625
0.078125 2.1884765625
0.078125 2.34356689453125
0.078125 2.1286773681640625
0.078125 2.7037506103515625
0.078125 1.51507568359375
0.078125 2.120025634765625
0.078125 2.2178955078125
0.078125 3.0091552734375
0.078125 2.781982421875
0.078125 1.976287841796875
0.078125 2.9549560546875
0.078125 2.3527984619140625
0.078125 2.199737548828125
0.078125 3.3649673461914062
0.078125 3.6571044921875
0.078125 4.41986083984375
0.078125 2.892730712890625
0.078125 5.418500900268555
0.078125 3.231292724609375
0.078125 2.8214263916015625
0.078125 4.0357666015625
0.078125 5.137722015380859
0.078125 4.80963134765625
0.078125 3.5884246826171875
0.078125 3.189605712890625
0.078125 2.049346923828125
0.078125 2.092254638671875
0.078125 2.21636962890625
0.078125 2.381195068359375
0.078125 1.84417724609375
0.078125 3.3245391845703125
0.078125 3.430328369140625
0.078125 2.281036376953125
0.078125 5.50311279296875
0.078125 6.0977325439453125
0.078125 3.242431640625
0.078125 3.6074905395507812
0.078125 5.06402587890625
0.078125 7.2410101890563965
0.078125 6.4801177978515625
0.078125 3.8913021087646484
0.078125 3.14654541015625
0.078125 6.065765380859375
0.078125 5.493011474609375
0.078125 5.3210601806640625
0.078125 4.5096435546875
0.078125 3.7177886962890625
0.078125 2.6438751220703125
0.078125 4.01507568359375
0.078125 3.819427490234375
0.078125 2.903167724609375
0.078125 2.5099945068359375
0.078125 4.194000244140625
0.078125 3.929656982421875
0.078125 3.750640869140625
0.078125 2.9239044189453125
0.078125 3.604400634765625
0.078125 2.993499755859375
0.078125 2.40643310546875
0.078125 3.469573974609375
0.078125 2.49346923828125
0.078125 2.02349853515625
0.078125 2.7422027587890625
0.078125 2.9866485595703125
0.078125 4.2193603515625
0.078125 3.3883056640625
0.078125 4.567131042480469
0.078125 3.9892501831054688
0.078125 7.355804443359375
0.078125 5.387641906738281
0.078125 3.53070068359375
0.078125 2.554351806640625
0.078125 3.5240478515625
0.078125 3.6271209716796875
0.078125 2.41473388671875
0.078125 3.0546875
0.078125 3.1123046875
0.078125 2.5743408203125
0.078125 3.5148468017578125
0.078125 2.1157073974609375
0.078125 3.07080078125
0.078125 2.70489501953125
0.078125 2.67681884765625
0.078125 1.95916748046875
0.078125 2.1490936279296875
0.078125 4.1125335693359375
0.078125 3.31097412109375
0.078125 2.986236572265625
0.078125 3.563690185546875
0.078125 2.6588592529296875
0.078125 3.30126953125
0.078125 3.71044921875
0.078125 3.471527099609375
0.078125 2.3595428466796875
0.078125 2.0809783935546875
0.078125 2.819488525390625
0.078125 2.3425140380859375
0.078125 2.7354278564453125
0.078125 2.5986328125
0.078125 3.053680419921875
0.078125 2.08624267578125
0.078125 2.068389892578125
0.078125 1.77020263671875
0.078125 3.164093017578125
0.078125 2.70587158203125
0.078125 2.3001556396484375
0.078125 1.988189697265625
0.078125 1.967926025390625
0.078125 2.683746337890625
0.078125 3.3920135498046875
0.078125 1.7890625
0.078125 2.151458740234375
0.078125 3.1260986328125
0.078125 3.5398406982421875
0.078125 2.189453125
0.078125 2.465423583984375
0.078125 1.9821624755859375
0.078125 2.0743408203125
0.078125 2.005584716796875
0.078125 2.53533935546875
0.078125 1.9378662109375
0.078125 2.70556640625
0.078125 2.328155517578125
0.078125 2.532928466796875
0.078125 1.693328857421875
0.078125 2.431121826171875
0.078125 4.128013610839844
0.078125 3.61358642578125
0.078125 2.20379638671875
0.078125 2.646728515625
0.078125 2.5897216796875
0.078125 3.1669921875
0.078125 2.00714111328125
0.078125 2.89422607421875
0.078125 2.748291015625
0.078125 2.21661376953125
0.078125 2.2650146484375
0.078125 3.163604736328125
0.078125 4.4573974609375
0.078125 3.533538818359375
0.078125 2.7267608642578125
0.078125 3.140350341796875
0.078125 3.62750244140625
0.078125 2.57379150390625
0.078125 2.09613037109375
0.078125 2.095489501953125
0.078125 2.8836669921875
0.078125 1.796173095703125
0.078125 3.59881591796875
0.078125 2.50433349609375
0.078125 2.10211181640625
0.078125 3.72296142578125
0.078125 3.2176513671875
0.078125 2.73028564453125
0.078125 2.3936309814453125
0.078125 3.4918212890625
0.078125 2.19073486328125
0.078125 1.77398681640625
0.078125 2.2589569091796875
0.078125 3.170745849609375
0.078125 3.580169677734375
0.078125 3.265777587890625
0.078125 5.188720703125
0.078125 6.2840576171875
0.078125 5.803802490234375
0.078125 5.282157897949219
0.078125 3.6702423095703125
0.078125 3.772247314453125
0.078125 2.24127197265625
0.078125 3.099010467529297
0.078125 4.053249359130859
0.078125 2.9945449829101562
0.078125 2.623870849609375
0.078125 5.608612060546875
0.078125 3.70892333984375
0.078125 2.55712890625
0.078125 1.90972900390625
0.078125 2.710968017578125
0.078125 2.507110595703125
0.078125 2.06060791015625
0.078125 2.361602783203125
0.078125 3.195556640625
0.078125 2.628662109375
0.078125 2.92578125
0.078125 3.359283447265625
0.078125 3.1414718627929688
0.078125 1.9361572265625
0.078125 2.2514801025390625
0.078125 2.6492919921875
0.078125 3.02490234375
0.078125 3.003631591796875
0.078125 2.76031494140625
0.078125 2.911865234375
0.078125 2.229644775390625
0.078125 2.901336669921875
0.078125 1.891448974609375
0.078125 2.3660888671875
0.078125 2.00738525390625
0.078125 2.6505126953125
0.078125 5.3487548828125
0.078125 3.04595947265625
0.078125 2.85638427734375
0.078125 2.30615234375
0.078125 2.1431427001953125
0.078125 2.899627685546875
0.078125 2.4302978515625
0.078125 3.066986083984375
0.078125 1.9085426330566406
0.078125 4.568117141723633
0.078125 4.5811309814453125
0.078125 3.140594482421875
0.078125 2.8643798828125
0.078125 5.1774749755859375
0.078125 6.83306884765625
0.078125 4.935638427734375
0.078125 2.44329833984375
0.078125 3.11920166015625
0.078125 3.5694427490234375
0.078125 2.465057373046875
0.078125 2.33001708984375
0.078125 3.494903564453125
0.078125 2.3338623046875
0.078125 3.6707382202148438
0.078125 3.1158905029296875
0.078125 2.87567138671875
0.078125 2.97137451171875
0.078125 2.7410888671875
0.078125 2.3065185546875
0.078125 2.3275146484375
0.078125 3.4801788330078125
0.078125 2.395965576171875
0.078125 1.980682373046875
0.078125 2.220947265625
0.078125 2.0950927734375
0.078125 2.6950302124023438
0.078125 1.6395263671875
0.078125 1.95343017578125
0.078125 1.561767578125
0.078125 1.679290771484375
0.078125 2.269378662109375
0.078125 2.2315673828125
0.078125 2.6494598388671875
0.078125 2.43841552734375
0.078125 1.83294677734375
0.078125 2.448211669921875
0.078125 2.19720458984375
0.078125 3.26171875
0.078125 2.2482452392578125
0.078125 2.5372161865234375
0.078125 1.49444580078125
0.078125 2.382080078125
0.078125 2.4937744140625
0.078125 2.09942626953125
0.078125 2.12884521484375
0.078125 1.8679046630859375
0.078125 2.1095123291015625
0.078125 1.648651123046875
0.078125 1.651275634765625
0.078125 1.884246826171875
0.078125 2.596923828125
0.078125 2.2431640625
0.078125 2.2796630859375
0.078125 2.61968994140625
0.078125 2.2547607421875
0.078125 1.676727294921875
0.078125 2.1591033935546875
0.078125 2.464385986328125
0.078125 2.746612548828125
0.078125 2.224212646484375
0.078125 2.714691162109375
0.078125 2.249755859375
0.078125 1.751190185546875
0.078125 2.53228759765625
0.078125 1.96630859375
0.078125 2.61846923828125
0.078125 3.6605148315429688
0.078125 3.5074615478515625
0.078125 2.623291015625
0.078125 1.8248291015625
0.078125 2.4347076416015625
0.078125 1.7015533447265625
0.078125 1.7003651857376099
0.390625 2.35565185546875
0.390625 7.2664031982421875
0.390625 12.328479766845703
0.390625 15.454460144042969
0.390625 15.384521484375
0.390625 24.2734375
0.390625 11.160835266113281
0.390625 8.710067749023438
0.390625 44.60079574584961
0.390625 57.3984375
0.390625 71.30079650878906
0.390625 123.533203125
0.390625 72.61328125
0.390625 63.20703125
0.390625 47.30078125
0.390625 32.9208984375
0.390625 97.96875
0.390625 95.396484375
0.390625 61.59162902832031
0.390625 67.36328125
0.390625 84.6416015625
0.390625 31.8404541015625
0.390625 51.99252700805664
0.390625 66.6337890625
0.390625 54.847904205322266
0.390625 124.31640625
0.390625 88.66233825683594
0.390625 77.22265625
0.390625 53.642578125
0.390625 67.0234375
0.390625 83.310546875
0.390625 95.1796875
0.390625 99.37890625
0.390625 101.482421875
0.390625 51.35748291015625
0.390625 78.66015625
0.390625 87.26953887939453
0.390625 82.9921875
0.390625 52.9761848449707
0.390625 48.419921875
0.390625 41.112369537353516
0.390625 62.7080078125
0.390625 107.212890625
0.390625 64.72887420654297
0.390625 42.83203125
0.390625 80.296875
0.390625 59.650390625
0.390625 35.644039154052734
0.390625 98.3544921875
0.390625 99.482421875
0.390625 37.737892150878906
0.390625 45.080078125
0.390625 54.521488189697266
0.390625 65.9580078125
0.390625 54.763671875
0.390625 71.6019515991211
0.390625 72.36328125
0.390625 66.8046875
0.390625 80.9140625
0.390625 124.166015625
0.390625 101.27734375
0.390625 82.81642150878906
0.390625 55.7763671875
0.390625 101.259765625
0.390625 46.611328125
0.390625 31.7021484375
0.390625 26.229530334472656
0.390625 66.529296875
0.390625 75.79591369628906
0.390625 109.283203125
0.390625 66.06707763671875
0.390625 67.658203125
0.390625 56.12890625
0.390625 81.451171875
0.390625 30.75589370727539
0.390625 89.88214111328125
0.390625 119.78617858886719
0.390625 89.1123046875
0.390625 67.2900390625
0.390625 30.863677978515625
0.390625 37.71875
0.390625 92.32421875
0.390625 44.572265625
0.390625 96.1083984375
0.390625 130.078125
0.390625 142.666015625
0.390625 55.603515625
0.390625 86.6877212524414
0.390625 96.59375
0.390625 38.741539001464844
0.390625 66.953125
0.390625 102.173828125
0.390625 75.51953125
0.390625 96.337890625
0.390625 126.021484375
0.390625 134.345703125
0.390625 161.9044189453125
0.390625 63.963497161865234
0.390625 90.845703125
0.390625 61.528221130371094
0.390625 104.8125
0.390625 94.15625
0.390625 95.08152770996094
0.390625 84.447265625
0.390625 104.15234375
0.390625 60.580078125
0.390625 91.068359375
0.390625 76.86273193359375
0.390625 160.607421875
0.390625 66.0341796875
0.390625 101.8046875
0.390625 103.95120239257812
0.390625 130.373046875
0.390625 136.857421875
0.390625 116.0703353881836
0.390625 86.79916381835938
0.390625 27.60546875
0.390625 136.09375
0.390625 95.337890625
0.390625 65.34768676757812
0.390625 122.53515625
0.390625 68.607421875
0.390625 82.15431213378906
0.390625 55.376953125
0.390625 71.75
0.390625 52.25978088378906
0.390625 39.732421875
0.390625 42.71484375
0.390625 86.4560546875
0.390625 94.572265625
0.390625 80.83299255371094
0.390625 81.419921875
0.390625 44.77469253540039
0.390625 61.39453125
0.390625 82.400390625
0.390625 80.6597900390625
0.390625 78.4095458984375
0.390625 78.447265625
0.390625 125.265625
0.390625 135.64453125
0.390625 53.1796875
0.390625 73.4453125
0.390625 96.8671875
0.390625 110.80078125
0.390625 76.76171875
0.390625 82.9586181640625
0.390625 84.630859375
0.390625 133.234375
0.390625 66.794921875
0.390625 65.19377899169922
0.390625 100.474609375
0.390625 75.62109375
0.390625 61.328125
0.390625 56.4765625
0.390625 20.730178833007812
0.390625 29.025741577148438
0.390625 17.379043579101562
0.390625 33.619140625
0.390625 51.2919921875
0.390625 43.584861755371094
0.390625 99.63671875
0.390625 88.86332702636719
0.390625 116.9609375
0.390625 62.673828125
0.390625 37.37017059326172
0.390625 52.783203125
0.390625 31.837900161743164
0.390625 32.828125
0.390625 110.109375
0.390625 80.939453125
0.390625 98.08203125
0.390625 43.76171875
0.390625 70.255859375
0.390625 77.25146484375
0.390625 33.70703125
0.390625 57.62109375
0.390625 47.24609375
0.390625 21.359468460083008
0.390625 73.173828125
0.390625 60.0078125
0.390625 33.140625
0.390625 39.28935241699219
0.390625 25.33642578125
0.390625 33.648929595947266
0.390625 17.1494140625
0.390625 37.848602294921875
0.390625 39.568843841552734
0.390625 102.916015625
0.390625 61.7392578125
0.390625 96.244140625
0.390625 63.89453125
0.390625 46.69532775878906
0.390625 126.662109375
0.390625 130.673828125
0.390625 103.83203125
0.390625 55.005859375
0.390625 292.5390625
0.390625 233.625
0.390625 122.431640625
0.390625 127.693359375
0.390625 50.6005859375
