1e-06 2.80987548828125
1e-06 2.7347412109375
1e-06 2.79541015625
1e-06 2.771453857421875
1e-06 2.85968017578125
1e-06 2.677337646484375
1e-06 2.9005126953125
1e-06 2.840057373046875
1e-06 2.811676025390625
1e-06 2.730224609375
1e-06 2.710052490234375
1e-06 2.85589599609375
1e-06 2.7298583984375
1e-06 2.662628173828125
1e-06 2.6732177734375
1e-06 2.8797607421875
1e-06 2.69830322265625
1e-06 2.7117919921875
1e-06 2.79425048828125
1e-06 2.698822021484375
1e-06 2.70733642578125
1e-06 2.729217529296875
1e-06 2.645111083984375
1e-06 2.671600341796875
1e-06 2.626495361328125
1e-06 2.705047607421875
1e-06 2.61712646484375
1e-06 2.6243896484375
1e-06 2.50787353515625
1e-06 2.75848388671875
1e-06 2.692901611328125
1e-06 2.62591552734375
1e-06 2.584381103515625
1e-06 2.5604248046875
1e-06 2.6121826171875
1e-06 2.549163818359375
1e-06 2.6171875
1e-06 2.61383056640625
1e-06 2.619842529296875
1e-06 2.601226806640625
1e-06 2.72900390625
1e-06 2.763275146484375
1e-06 2.493072509765625
1e-06 2.669097900390625
1e-06 2.45733642578125
1e-06 2.65093994140625
1e-06 2.66192626953125
1e-06 2.590606689453125
1e-06 2.594512939453125
1e-06 2.710479736328125
1e-06 2.586822509765625
1e-06 2.6541748046875
1e-06 2.563751220703125
1e-06 2.545257568359375
1e-06 2.556121826171875
1e-06 2.543212890625
1e-06 2.49072265625
1e-06 2.721527099609375
1e-06 2.71319580078125
1e-06 2.5369873046875
1e-06 2.375213623046875
1e-06 2.445068359375
1e-06 2.4638671875
1e-06 2.479034423828125
1e-06 2.3743896484375
1e-06 2.326904296875
1e-06 2.491729736328125
1e-06 2.501220703125
1e-06 2.5250244140625
1e-06 2.4422607421875
1e-06 2.417388916015625
1e-06 2.70709228515625
1e-06 2.744293212890625
1e-06 2.35516357421875
1e-06 2.399078369140625
1e-06 2.65325927734375
1e-06 2.63287353515625
1e-06 2.63067626953125
1e-06 2.44464111328125
1e-06 2.500579833984375
1e-06 2.400299072265625
1e-06 2.487701416015625
1e-06 2.505126953125
1e-06 2.675201416015625
1e-06 2.44708251953125
1e-06 2.44970703125
1e-06 2.32708740234375
1e-06 2.427154541015625
1e-06 2.41845703125
1e-06 2.33984375
1e-06 2.376800537109375
1e-06 2.6207275390625
1e-06 2.4251708984375
1e-06 2.388580322265625
1e-06 2.3175048828125
1e-06 2.60302734375
1e-06 2.563507080078125
1e-06 2.284332275390625
1e-06 2.51165771484375
1e-06 2.51556396484375
1e-06 2.39483642578125
1e-06 2.3499755859375
1e-06 2.40093994140625
1e-06 2.413970947265625
1e-06 2.40240478515625
1e-06 2.25543212890625
1e-06 2.413726806640625
1e-06 2.580108642578125
1e-06 2.21685791015625
1e-06 2.4603271484375
1e-06 2.595794677734375
1e-06 2.293731689453125
1e-06 2.372528076171875
1e-06 2.438385009765625
1e-06 2.202178955078125
1e-06 2.46917724609375
1e-06 2.4881591796875
1e-06 2.551422119140625
1e-06 2.3612060546875
1e-06 2.385162353515625
1e-06 2.48199462890625
1e-06 2.30670166015625
1e-06 2.388427734375
1e-06 2.42791748046875
1e-06 2.373931884765625
1e-06 2.431182861328125
1e-06 2.33880615234375
1e-06 2.4891357421875
1e-06 2.5296630859375
1e-06 2.270355224609375
1e-06 2.328857421875
1e-06 2.181549072265625
1e-06 2.326568603515625
1e-06 2.395904541015625
1e-06 2.239105224609375
1e-06 2.483795166015625
1e-06 2.263275146484375
1e-06 2.158721923828125
1e-06 2.44244384765625
1e-06 2.241607666015625
1e-06 2.217559814453125
1e-06 2.5347900390625
1e-06 2.341766357421875
1e-06 2.093109130859375
1e-06 2.235626220703125
1e-06 2.550048828125
1e-06 2.370147705078125
1e-06 2.243377685546875
1e-06 2.423065185546875
1e-06 2.2724609375
1e-06 2.17572021484375
1e-06 2.250823974609375
1e-06 2.340545654296875
1e-06 2.266448974609375
1e-06 2.214141845703125
1e-06 2.3433837890625
1e-06 2.28485107421875
1e-06 2.1529541015625
1e-06 2.31024169921875
1e-06 2.371978759765625
1e-06 2.04547119140625
1e-06 2.163238525390625
1e-06 2.12481689453125
1e-06 2.38885498046875
1e-06 2.3043212890625
1e-06 2.29486083984375
1e-06 1.988525390625
1e-06 2.06640625
1e-06 2.239227294921875
1e-06 2.375274658203125
1e-06 2.137542724609375
1e-06 2.130645751953125
1e-06 2.18798828125
1e-06 2.342254638671875
1e-06 2.305328369140625
1e-06 2.486907958984375
1e-06 2.18011474609375
1e-06 1.982696533203125
1e-06 2.368743896484375
1e-06 2.212493896484375
1e-06 2.03778076171875
1e-06 2.308868408203125
1e-06 2.182525634765625
1e-06 1.974212646484375
1e-06 2.02996826171875
1e-06 2.589019775390625
1e-06 2.38690185546875
1e-06 2.33477783203125
1e-06 2.220367431640625
1e-06 2.14697265625
1e-06 2.353515625
1e-06 2.399627685546875
1e-06 2.296478271484375
1e-06 2.25469970703125
1e-06 2.2139892578125
1e-06 2.247833251953125
1e-06 2.170684814453125
1e-06 2.232086181640625
1e-06 2.270965576171875
1e-06 1.943634033203125
1e-06 2.255950927734375
1e-06 2.386077880859375
1e-06 2.403839111328125
1e-06 2.1751708984375
1e-06 2.36724853515625
1e-06 2.212371826171875
1e-06 2.3304443359375
1e-06 1.994354248046875
1e-06 2.386993408203125
1e-06 2.097442626953125
1e-06 2.013519287109375
1e-06 2.36041259765625
1e-06 2.1888427734375
1e-06 2.0555419921875
1e-06 2.232452392578125
1e-06 2.30474853515625
1e-06 2.235076904296875
1e-06 2.0443115234375
1e-06 1.902923583984375
1e-06 2.1873779296875
1e-06 2.379608154296875
1e-06 2.38055419921875
1e-06 2.282135009765625
1e-06 2.3084716796875
1e-06 2.263763427734375
1e-06 2.269927978515625
1e-06 2.06683349609375
1e-06 2.159393310546875
1e-06 2.07672119140625
1e-06 1.935516357421875
1e-06 2.1180419921875
1e-06 2.05511474609375
1e-06 1.988250732421875
1e-06 2.268218994140625
1e-06 2.3082275390625
1e-06 2.20263671875
1e-06 1.86181640625
1e-06 2.460205078125
1e-06 2.18243408203125
1e-06 2.127716064453125
1e-06 2.22637939453125
1e-06 2.157623291015625
1e-06 2.19940185546875
1e-06 1.936737060546875
1e-06 2.07562255859375
1e-06 1.915374755859375
1e-06 1.84918212890625
1e-06 2.11712646484375
1e-06 2.214599609375
1e-06 2.279388427734375
1e-06 2.180999755859375
1e-06 2.120086669921875
1e-06 2.174835205078125
1e-06 1.78271484375
1e-06 2.02508544921875
1e-06 1.966644287109375
1e-06 2.040374755859375
1e-06 2.091461181640625
1e-06 2.255157470703125
1e-06 2.251007080078125
1e-06 1.96185302734375
1e-06 1.932891845703125
1e-06 2.15216064453125
1e-06 2.014251708984375
1e-06 1.99639892578125
1e-06 1.967254638671875
1e-06 1.910797119140625
1e-06 1.743743896484375
1e-06 2.2088623046875
1e-06 2.19488525390625
1e-06 1.9625244140625
1e-06 2.031829833984375
1e-06 1.993804931640625
1e-06 2.1988525390625
1e-06 1.97052001953125
1e-06 2.025115966796875
1e-06 2.1977691650390625
1e-06 2.21343994140625
1e-06 1.994232177734375
1e-06 2.108001708984375
1e-06 1.707244873046875
1e-06 1.8387451171875
1e-06 2.4276123046875
1e-06 1.973876953125
1e-06 1.896820068359375
1e-06 1.9794921875
1e-06 2.003570556640625
1e-06 1.972900390625
1e-06 2.04937744140625
1e-06 2.26263427734375
1e-06 2.294158935546875
1e-06 2.01739501953125
1e-06 2.037017822265625
1e-06 2.0245513916015625
1e-06 2.16790771484375
1e-06 1.886199951171875
1e-06 2.01812744140625
1e-06 1.73760986328125
1e-06 1.96533203125
1e-06 2.06353759765625
1e-06 2.109832763671875
1e-06 2.233245849609375
1e-06 2.01068115234375
1e-06 2.018035888671875
1e-06 2.271697998046875
1e-06 2.0352783203125
1e-06 2.211822509765625
1e-06 2.014404296875
1e-06 2.1846466064453125
1e-06 1.747039794921875
1e-06 1.983856201171875
1e-06 1.97259521484375
1e-06 1.98907470703125
1e-06 2.02484130859375
1e-06 1.8639984130859375
1e-06 2.06378173828125
1e-06 1.757354736328125
1e-06 1.79107666015625
1e-06 1.88677978515625
1e-06 2.0220794677734375
1e-06 2.086456298828125
1e-06 2.06024169921875
1e-06 2.2556610107421875
1e-06 2.0276947021484375
1e-06 1.918212890625
1e-06 2.02130126953125
1e-06 2.2026824951171875
1e-06 2.454833984375
1e-06 2.0218048095703125
1e-06 1.931915283203125
1e-06 2.1448974609375
1e-06 1.9157867431640625
1e-06 2.287078857421875
1e-06 2.039276123046875
1e-06 2.2600860595703125
1e-06 1.8518218994140625
1e-06 1.958709716796875
1e-06 2.033172607421875
1e-06 1.7679901123046875
1e-06 2.132354736328125
1e-06 1.80584716796875
1e-06 1.9326171875
4.9999999999999996e-06 2.051361083984375
4.9999999999999996e-06 2.0523681640625
4.9999999999999996e-06 1.919677734375
4.9999999999999996e-06 2.07379150390625
4.9999999999999996e-06 2.046417236328125
4.9999999999999996e-06 1.9268951416015625
4.9999999999999996e-06 1.99591064453125
4.9999999999999996e-06 2.1279296875
4.9999999999999996e-06 2.333770751953125
4.9999999999999996e-06 1.747894287109375
4.9999999999999996e-06 2.132904052734375
4.9999999999999996e-06 2.15155029296875
4.9999999999999996e-06 1.960662841796875
4.9999999999999996e-06 1.93853759765625
4.9999999999999996e-06 1.9724273681640625
4.9999999999999996e-06 2.164520263671875
4.9999999999999996e-06 1.898345947265625
4.9999999999999996e-06 2.158416748046875
4.9999999999999996e-06 2.00299072265625
4.9999999999999996e-06 2.01666259765625
4.9999999999999996e-06 2.3133544921875
4.9999999999999996e-06 1.968475341796875
4.9999999999999996e-06 1.9979400634765625
4.9999999999999996e-06 2.02130126953125
4.9999999999999996e-06 1.829986572265625
4.9999999999999996e-06 1.87713623046875
4.9999999999999996e-06 2.07257080078125
4.9999999999999996e-06 1.6810150146484375
4.9999999999999996e-06 1.66705322265625
4.9999999999999996e-06 1.82867431640625
4.9999999999999996e-06 1.7957000732421875
4.9999999999999996e-06 2.1214599609375
4.9999999999999996e-06 1.7869110107421875
4.9999999999999996e-06 1.8450164794921875
4.9999999999999996e-06 1.9647064208984375
4.9999999999999996e-06 1.899810791015625
4.9999999999999996e-06 2.0837860107421875
4.9999999999999996e-06 2.02642822265625
4.9999999999999996e-06 1.993072509765625
4.9999999999999996e-06 1.783843994140625
4.9999999999999996e-06 2.185791015625
4.9999999999999996e-06 2.195587158203125
4.9999999999999996e-06 1.8804168701171875
4.9999999999999996e-06 2.159759521484375
4.9999999999999996e-06 1.787628173828125
4.9999999999999996e-06 2.2927703857421875
4.9999999999999996e-06 1.975860595703125
4.9999999999999996e-06 2.0075225830078125
4.9999999999999996e-06 1.99957275390625
4.9999999999999996e-06 2.1368560791015625
4.9999999999999996e-06 1.78790283203125
4.9999999999999996e-06 1.9029998779296875
4.9999999999999996e-06 1.782012939453125
4.9999999999999996e-06 1.87591552734375
4.9999999999999996e-06 1.6986846923828125
4.9999999999999996e-06 2.041259765625
4.9999999999999996e-06 1.688323974609375
4.9999999999999996e-06 2.2227325439453125
4.9999999999999996e-06 2.126739501953125
4.9999999999999996e-06 1.81915283203125
4.9999999999999996e-06 1.8707733154296875
4.9999999999999996e-06 1.8702545166015625
4.9999999999999996e-06 1.7223968505859375
4.9999999999999996e-06 1.921295166015625
4.9999999999999996e-06 1.564910888671875
4.9999999999999996e-06 1.7091827392578125
4.9999999999999996e-06 1.8521881103515625
4.9999999999999996e-06 2.0382232666015625
4.9999999999999996e-06 2.0535888671875
4.9999999999999996e-06 1.8804473876953125
4.9999999999999996e-06 1.8089141845703125
4.9999999999999996e-06 2.0016632080078125
4.9999999999999996e-06 2.1237030029296875
4.9999999999999996e-06 1.7562713623046875
4.9999999999999996e-06 1.8647918701171875
4.9999999999999996e-06 2.3117523193359375
4.9999999999999996e-06 2.1422271728515625
4.9999999999999996e-06 2.26007080078125
4.9999999999999996e-06 2.096160888671875
4.9999999999999996e-06 1.8440093994140625
4.9999999999999996e-06 1.7503509521484375
4.9999999999999996e-06 2.12493896484375
4.9999999999999996e-06 2.1082763671875
4.9999999999999996e-06 2.2352294921875
4.9999999999999996e-06 1.8252410888671875
4.9999999999999996e-06 1.9157867431640625
4.9999999999999996e-06 1.8590545654296875
4.9999999999999996e-06 1.9285125732421875
4.9999999999999996e-06 1.78790283203125
4.9999999999999996e-06 1.83148193359375
4.9999999999999996e-06 1.899658203125
4.9999999999999996e-06 2.010833740234375
4.9999999999999996e-06 1.8549041748046875
4.9999999999999996e-06 1.8139801025390625
4.9999999999999996e-06 2.002593994140625
4.9999999999999996e-06 1.9563751220703125
4.9999999999999996e-06 2.107147216796875
4.9999999999999996e-06 1.6469573974609375
4.9999999999999996e-06 1.8963623046875
4.9999999999999996e-06 1.9950714111328125
4.9999999999999996e-06 1.8164520263671875
4.9999999999999996e-06 1.72747802734375
4.9999999999999996e-06 1.9087371826171875
4.9999999999999996e-06 1.8860931396484375
4.9999999999999996e-06 1.802001953125
4.9999999999999996e-06 1.7552642822265625
4.9999999999999996e-06 2.03472900390625
4.9999999999999996e-06 2.0926513671875
4.9999999999999996e-06 1.8917388916015625
4.9999999999999996e-06 2.013427734375
4.9999999999999996e-06 1.999359130859375
4.9999999999999996e-06 1.740509033203125
4.9999999999999996e-06 1.965240478515625
4.9999999999999996e-06 1.8778228759765625
4.9999999999999996e-06 1.7483673095703125
4.9999999999999996e-06 1.886810302734375
4.9999999999999996e-06 2.019287109375
4.9999999999999996e-06 2.127593994140625
4.9999999999999996e-06 1.9771575927734375
4.9999999999999996e-06 1.8882904052734375
4.9999999999999996e-06 2.1569061279296875
4.9999999999999996e-06 1.781463623046875
4.9999999999999996e-06 2.0823974609375
4.9999999999999996e-06 1.973785400390625
4.9999999999999996e-06 1.9837646484375
4.9999999999999996e-06 2.27288818359375
4.9999999999999996e-06 1.861236572265625
4.9999999999999996e-06 2.116729736328125
4.9999999999999996e-06 2.3165283203125
4.9999999999999996e-06 1.909759521484375
4.9999999999999996e-06 1.887451171875
4.9999999999999996e-06 1.7764739990234375
4.9999999999999996e-06 1.90008544921875
4.9999999999999996e-06 2.03033447265625
4.9999999999999996e-06 1.783447265625
4.9999999999999996e-06 2.179901123046875
4.9999999999999996e-06 1.668304443359375
4.9999999999999996e-06 1.637939453125
4.9999999999999996e-06 2.182952880859375
4.9999999999999996e-06 1.8543701171875
4.9999999999999996e-06 1.726104736328125
4.9999999999999996e-06 2.2067108154296875
4.9999999999999996e-06 2.0259857177734375
4.9999999999999996e-06 1.6072998046875
4.9999999999999996e-06 1.8358001708984375
4.9999999999999996e-06 2.1776275634765625
4.9999999999999996e-06 2.0568389892578125
4.9999999999999996e-06 1.82391357421875
4.9999999999999996e-06 1.9963531494140625
4.9999999999999996e-06 1.9366455078125
4.9999999999999996e-06 1.968658447265625
4.9999999999999996e-06 1.8036041259765625
4.9999999999999996e-06 1.9107666015625
4.9999999999999996e-06 1.8649749755859375
4.9999999999999996e-06 1.7393798828125
4.9999999999999996e-06 2.023193359375
4.9999999999999996e-06 1.90673828125
4.9999999999999996e-06 1.8820953369140625
4.9999999999999996e-06 2.005767822265625
4.9999999999999996e-06 1.9821319580078125
4.9999999999999996e-06 1.629302978515625
4.9999999999999996e-06 1.8419189453125
4.9999999999999996e-06 1.6246185302734375
4.9999999999999996e-06 2.0445404052734375
4.9999999999999996e-06 1.9128570556640625
4.9999999999999996e-06 1.901580810546875
4.9999999999999996e-06 1.5493621826171875
4.9999999999999996e-06 1.6600189208984375
4.9999999999999996e-06 1.875
4.9999999999999996e-06 2.177093505859375
4.9999999999999996e-06 1.7176513671875
4.9999999999999996e-06 1.833221435546875
4.9999999999999996e-06 1.7635498046875
4.9999999999999996e-06 2.195281982421875
4.9999999999999996e-06 1.8234405517578125
4.9999999999999996e-06 2.1203155517578125
4.9999999999999996e-06 1.8090362548828125
4.9999999999999996e-06 1.548919677734375
4.9999999999999996e-06 2.106689453125
4.9999999999999996e-06 1.7993011474609375
4.9999999999999996e-06 1.6144866943359375
4.9999999999999996e-06 1.92578125
4.9999999999999996e-06 1.7350921630859375
4.9999999999999996e-06 1.6844940185546875
4.9999999999999996e-06 1.6249237060546875
4.9999999999999996e-06 2.3269500732421875
4.9999999999999996e-06 2.1276702880859375
4.9999999999999996e-06 2.15826416015625
4.9999999999999996e-06 1.9350738525390625
4.9999999999999996e-06 1.659942626953125
4.9999999999999996e-06 2.0179595947265625
4.9999999999999996e-06 2.08172607421875
4.9999999999999996e-06 1.94232177734375
4.9999999999999996e-06 1.91448974609375
4.9999999999999996e-06 1.8460235595703125
4.9999999999999996e-06 1.83441162109375
4.9999999999999996e-06 1.9942626953125
4.9999999999999996e-06 2.030609130859375
4.9999999999999996e-06 2.004913330078125
4.9999999999999996e-06 1.7272186279296875
4.9999999999999996e-06 1.874603271484375
4.9999999999999996e-06 1.9989013671875
4.9999999999999996e-06 2.2911834716796875
4.9999999999999996e-06 1.8048248291015625
4.9999999999999996e-06 2.050506591796875
4.9999999999999996e-06 1.8509979248046875
4.9999999999999996e-06 2.084075927734375
4.9999999999999996e-06 1.64031982421875
4.9999999999999996e-06 2.160186767578125
4.9999999999999996e-06 1.7930755615234375
4.9999999999999996e-06 1.592315673828125
4.9999999999999996e-06 2.12213134765625
4.9999999999999996e-06 1.968475341796875
4.9999999999999996e-06 1.85150146484375
4.9999999999999996e-06 2.010894775390625
4.9999999999999996e-06 2.1608428955078125
4.9999999999999996e-06 1.8206787109375
4.9999999999999996e-06 1.65167236328125
4.9999999999999996e-06 1.733367919921875
4.9999999999999996e-06 1.809844970703125
4.9999999999999996e-06 2.138275146484375
4.9999999999999996e-06 2.1987457275390625
4.9999999999999996e-06 2.0821685791015625
4.9999999999999996e-06 1.9366912841796875
4.9999999999999996e-06 1.92535400390625
4.9999999999999996e-06 2.154327392578125
4.9999999999999996e-06 1.6809234619140625
4.9999999999999996e-06 1.860015869140625
4.9999999999999996e-06 1.7216644287109375
4.9999999999999996e-06 1.6929931640625
4.9999999999999996e-06 1.950897216796875
4.9999999999999996e-06 1.76715087890625
4.9999999999999996e-06 1.6556549072265625
4.9999999999999996e-06 2.07525634765625
4.9999999999999996e-06 2.03839111328125
4.9999999999999996e-06 1.941558837890625
4.9999999999999996e-06 1.5093231201171875
4.9999999999999996e-06 2.2100677490234375
4.9999999999999996e-06 1.946075439453125
4.9999999999999996e-06 1.9253692626953125
4.9999999999999996e-06 1.9390716552734375
4.9999999999999996e-06 2.102935791015625
4.9999999999999996e-06 1.9707489013671875
4.9999999999999996e-06 1.6787109375
4.9999999999999996e-06 1.844512939453125
4.9999999999999996e-06 1.72918701171875
4.9999999999999996e-06 1.6615753173828125
4.9999999999999996e-06 1.94757080078125
4.9999999999999996e-06 1.9269256591796875
4.9999999999999996e-06 2.0539093017578125
4.9999999999999996e-06 1.9293670654296875
4.9999999999999996e-06 1.717803955078125
4.9999999999999996e-06 1.97265625
4.9999999999999996e-06 1.51953125
4.9999999999999996e-06 1.815643310546875
4.9999999999999996e-06 1.701507568359375
4.9999999999999996e-06 1.80511474609375
4.9999999999999996e-06 1.7506866455078125
4.9999999999999996e-06 2.113983154296875
4.9999999999999996e-06 1.854217529296875
4.9999999999999996e-06 1.5943603515625
4.9999999999999996e-06 1.7710418701171875
4.9999999999999996e-06 1.86602783203125
4.9999999999999996e-06 1.7819671630859375
4.9999999999999996e-06 1.8366241455078125
4.9999999999999996e-06 1.6882781982421875
4.9999999999999996e-06 1.7425384521484375
4.9999999999999996e-06 1.4732513427734375
4.9999999999999996e-06 1.977325439453125
4.9999999999999996e-06 2.024871826171875
4.9999999999999996e-06 1.6876068115234375
4.9999999999999996e-06 1.8011016845703125
4.9999999999999996e-06 1.9307403564453125
4.9999999999999996e-06 2.0843048095703125
4.9999999999999996e-06 1.68951416015625
4.9999999999999996e-06 1.8565521240234375
4.9999999999999996e-06 2.08831787109375
4.9999999999999996e-06 2.0837249755859375
4.9999999999999996e-06 1.764801025390625
4.9999999999999996e-06 1.877105712890625
4.9999999999999996e-06 1.5762176513671875
4.9999999999999996e-06 1.718292236328125
4.9999999999999996e-06 2.27728271484375
4.9999999999999996e-06 1.7861480712890625
4.9999999999999996e-06 1.8180999755859375
4.9999999999999996e-06 1.705230712890625
4.9999999999999996e-06 1.76104736328125
4.9999999999999996e-06 1.73773193359375
4.9999999999999996e-06 1.803985595703125
4.9999999999999996e-06 2.1365966796875
4.9999999999999996e-06 2.0913543701171875
4.9999999999999996e-06 1.786224365234375
4.9999999999999996e-06 1.771484375
4.9999999999999996e-06 1.827606201171875
4.9999999999999996e-06 1.972808837890625
4.9999999999999996e-06 1.6773223876953125
4.9999999999999996e-06 1.75091552734375
4.9999999999999996e-06 1.465118408203125
4.9999999999999996e-06 1.7940216064453125
4.9999999999999996e-06 1.9268646240234375
4.9999999999999996e-06 1.910125732421875
4.9999999999999996e-06 2.1367950439453125
4.9999999999999996e-06 1.791595458984375
4.9999999999999996e-06 1.7296295166015625
4.9999999999999996e-06 2.0747222900390625
4.9999999999999996e-06 1.7473907470703125
4.9999999999999996e-06 2.13665771484375
4.9999999999999996e-06 1.7436065673828125
4.9999999999999996e-06 1.9832000732421875
4.9999999999999996e-06 1.4792938232421875
4.9999999999999996e-06 1.856048583984375
4.9999999999999996e-06 1.8243408203125
4.9999999999999996e-06 1.76116943359375
4.9999999999999996e-06 1.879852294921875
4.9999999999999996e-06 1.6951904296875
4.9999999999999996e-06 1.766448974609375
4.9999999999999996e-06 1.563812255859375
4.9999999999999996e-06 1.5559844970703125
4.9999999999999996e-06 1.6776275634765625
4.9999999999999996e-06 1.9386444091796875
4.9999999999999996e-06 1.8757781982421875
4.9999999999999996e-06 1.786956787109375
4.9999999999999996e-06 1.931396484375
4.9999999999999996e-06 1.74139404296875
4.9999999999999996e-06 1.7132415771484375
4.9999999999999996e-06 1.687957763671875
4.9999999999999996e-06 1.9126129150390625
4.9999999999999996e-06 2.29620361328125
4.9999999999999996e-06 1.814605712890625
4.9999999999999996e-06 1.7736358642578125
4.9999999999999996e-06 1.8370361328125
4.9999999999999996e-06 1.6624908447265625
4.9999999999999996e-06 2.137969970703125
4.9999999999999996e-06 1.7498626708984375
4.9999999999999996e-06 2.245819091796875
4.9999999999999996e-06 1.668609619140625
4.9999999999999996e-06 1.876708984375
4.9999999999999996e-06 1.8609771728515625
4.9999999999999996e-06 1.5792388916015625
4.9999999999999996e-06 1.850433349609375
4.9999999999999996e-06 1.59283447265625
4.9999999999999996e-06 1.7730553150177002
2.4999999999999998e-05 1.9460906982421875
2.4999999999999998e-05 1.935089111328125
2.4999999999999998e-05 1.7120819091796875
2.4999999999999998e-05 2.000030517578125
2.4999999999999998e-05 2.105926513671875
2.4999999999999998e-05 1.8021392822265625
2.4999999999999998e-05 1.762908935546875
2.4999999999999998e-05 1.901123046875
2.4999999999999998e-05 2.065582275390625
2.4999999999999998e-05 1.5893707275390625
2.4999999999999998e-05 2.0076446533203125
2.4999999999999998e-05 2.069244384765625
2.4999999999999998e-05 1.71051025390625
2.4999999999999998e-05 1.815521240234375
2.4999999999999998e-05 1.880401611328125
2.4999999999999998e-05 1.969635009765625
2.4999999999999998e-05 1.917938232421875
2.4999999999999998e-05 1.99066162109375
2.4999999999999998e-05 1.7919769287109375
2.4999999999999998e-05 1.866790771484375
2.4999999999999998e-05 2.246612548828125
2.4999999999999998e-05 1.84088134765625
2.4999999999999998e-05 1.79364013671875
2.4999999999999998e-05 1.94329833984375
2.4999999999999998e-05 1.7085418701171875
2.4999999999999998e-05 1.6508026123046875
2.4999999999999998e-05 1.9195556640625
2.4999999999999998e-05 1.635833740234375
2.4999999999999998e-05 1.6128997802734375
2.4999999999999998e-05 1.6750640869140625
2.4999999999999998e-05 1.67193603515625
2.4999999999999998e-05 2.0360565185546875
2.4999999999999998e-05 1.6986236572265625
2.4999999999999998e-05 1.750213623046875
2.4999999999999998e-05 1.8919219970703125
2.4999999999999998e-05 1.6700897216796875
2.4999999999999998e-05 1.9701385498046875
2.4999999999999998e-05 1.80255126953125
2.4999999999999998e-05 1.8990631103515625
2.4999999999999998e-05 1.718475341796875
2.4999999999999998e-05 1.9697418212890625
2.4999999999999998e-05 2.319244384765625
2.4999999999999998e-05 1.77459716796875
2.4999999999999998e-05 2.0895233154296875
2.4999999999999998e-05 1.677764892578125
2.4999999999999998e-05 2.2524261474609375
2.4999999999999998e-05 1.8958892822265625
2.4999999999999998e-05 1.922149658203125
2.4999999999999998e-05 1.815673828125
2.4999999999999998e-05 1.950836181640625
2.4999999999999998e-05 1.767822265625
2.4999999999999998e-05 1.7899169921875
2.4999999999999998e-05 1.695159912109375
2.4999999999999998e-05 1.7406005859375
2.4999999999999998e-05 1.6972808837890625
2.4999999999999998e-05 1.97589111328125
2.4999999999999998e-05 1.582122802734375
2.4999999999999998e-05 2.106689453125
2.4999999999999998e-05 1.9508056640625
2.4999999999999998e-05 1.6806488037109375
2.4999999999999998e-05 1.798858642578125
2.4999999999999998e-05 1.77862548828125
2.4999999999999998e-05 1.5779571533203125
2.4999999999999998e-05 1.8704833984375
2.4999999999999998e-05 1.512847900390625
2.4999999999999998e-05 1.5984954833984375
2.4999999999999998e-05 1.7670745849609375
2.4999999999999998e-05 1.9730682373046875
2.4999999999999998e-05 1.935272216796875
2.4999999999999998e-05 1.8287811279296875
2.4999999999999998e-05 1.788818359375
2.4999999999999998e-05 2.0284881591796875
2.4999999999999998e-05 2.0557098388671875
2.4999999999999998e-05 1.6138763427734375
2.4999999999999998e-05 1.7579193115234375
2.4999999999999998e-05 2.367645263671875
2.4999999999999998e-05 2.120086669921875
2.4999999999999998e-05 2.210296630859375
2.4999999999999998e-05 2.0531463623046875
2.4999999999999998e-05 1.737640380859375
2.4999999999999998e-05 1.717010498046875
2.4999999999999998e-05 2.0661468505859375
2.4999999999999998e-05 2.074462890625
2.4999999999999998e-05 2.271148681640625
2.4999999999999998e-05 1.8046875
2.4999999999999998e-05 1.869110107421875
2.4999999999999998e-05 1.9063720703125
2.4999999999999998e-05 1.9927978515625
2.4999999999999998e-05 1.69561767578125
2.4999999999999998e-05 1.7509765625
2.4999999999999998e-05 1.838653564453125
2.4999999999999998e-05 2.02032470703125
2.4999999999999998e-05 1.86810302734375
2.4999999999999998e-05 1.757110595703125
2.4999999999999998e-05 1.9100341796875
2.4999999999999998e-05 1.90570068359375
2.4999999999999998e-05 1.937469482421875
2.4999999999999998e-05 1.628387451171875
2.4999999999999998e-05 1.9266357421875
2.4999999999999998e-05 1.8975067138671875
2.4999999999999998e-05 1.767181396484375
2.4999999999999998e-05 1.603363037109375
2.4999999999999998e-05 1.8494720458984375
2.4999999999999998e-05 1.7506103515625
2.4999999999999998e-05 1.719390869140625
2.4999999999999998e-05 1.75042724609375
2.4999999999999998e-05 1.984954833984375
2.4999999999999998e-05 1.995635986328125
2.4999999999999998e-05 1.850433349609375
2.4999999999999998e-05 1.9437255859375
2.4999999999999998e-05 1.8836822509765625
2.4999999999999998e-05 1.72125244140625
2.4999999999999998e-05 1.853424072265625
2.4999999999999998e-05 1.901885986328125
2.4999999999999998e-05 1.7119140625
2.4999999999999998e-05 1.8604583740234375
2.4999999999999998e-05 1.9500885009765625
2.4999999999999998e-05 1.9608612060546875
2.4999999999999998e-05 1.93145751953125
2.4999999999999998e-05 1.8246917724609375
2.4999999999999998e-05 2.1533660888671875
2.4999999999999998e-05 1.7012481689453125
2.4999999999999998e-05 2.180023193359375
2.4999999999999998e-05 1.900970458984375
2.4999999999999998e-05 1.8784027099609375
2.4999999999999998e-05 2.264007568359375
2.4999999999999998e-05 1.847076416015625
2.4999999999999998e-05 2.0417327880859375
2.4999999999999998e-05 2.2484893798828125
2.4999999999999998e-05 1.9002532958984375
2.4999999999999998e-05 1.808990478515625
2.4999999999999998e-05 1.7168426513671875
2.4999999999999998e-05 1.84747314453125
2.4999999999999998e-05 1.917022705078125
2.4999999999999998e-05 1.793609619140625
2.4999999999999998e-05 2.141265869140625
2.4999999999999998e-05 1.662872314453125
2.4999999999999998e-05 1.5790252685546875
2.4999999999999998e-05 2.0195770263671875
2.4999999999999998e-05 1.8401031494140625
2.4999999999999998e-05 1.671722412109375
2.4999999999999998e-05 2.0731353759765625
2.4999999999999998e-05 1.98895263671875
2.4999999999999998e-05 1.50140380859375
2.4999999999999998e-05 1.7320556640625
2.4999999999999998e-05 2.18243408203125
2.4999999999999998e-05 2.02593994140625
2.4999999999999998e-05 1.7490386962890625
2.4999999999999998e-05 2.0023193359375
2.4999999999999998e-05 1.914459228515625
2.4999999999999998e-05 1.963836669921875
2.4999999999999998e-05 1.7335662841796875
2.4999999999999998e-05 1.967193603515625
2.4999999999999998e-05 1.8014068603515625
2.4999999999999998e-05 1.6310882568359375
2.4999999999999998e-05 1.9691009521484375
2.4999999999999998e-05 1.8702392578125
2.4999999999999998e-05 1.8408203125
2.4999999999999998e-05 1.9272308349609375
2.4999999999999998e-05 1.9016571044921875
2.4999999999999998e-05 1.57403564453125
2.4999999999999998e-05 1.769805908203125
2.4999999999999998e-05 1.516387939453125
2.4999999999999998e-05 1.9685211181640625
2.4999999999999998e-05 1.88702392578125
2.4999999999999998e-05 1.8046875
2.4999999999999998e-05 1.4783935546875
2.4999999999999998e-05 1.662933349609375
2.4999999999999998e-05 1.8643798828125
2.4999999999999998e-05 2.212493896484375
2.4999999999999998e-05 1.695770263671875
2.4999999999999998e-05 1.715118408203125
2.4999999999999998e-05 1.673553466796875
2.4999999999999998e-05 2.1179962158203125
2.4999999999999998e-05 1.808013916015625
2.4999999999999998e-05 2.0554962158203125
2.4999999999999998e-05 1.8042449951171875
2.4999999999999998e-05 1.5186920166015625
2.4999999999999998e-05 2.0223236083984375
2.4999999999999998e-05 1.724395751953125
2.4999999999999998e-05 1.573822021484375
2.4999999999999998e-05 1.9725494384765625
2.4999999999999998e-05 1.6348724365234375
2.4999999999999998e-05 1.63055419921875
2.4999999999999998e-05 1.534027099609375
2.4999999999999998e-05 2.2583160400390625
2.4999999999999998e-05 2.0991058349609375
2.4999999999999998e-05 2.1478424072265625
2.4999999999999998e-05 1.965606689453125
2.4999999999999998e-05 1.628936767578125
2.4999999999999998e-05 1.9700927734375
2.4999999999999998e-05 2.05792236328125
2.4999999999999998e-05 1.8911590576171875
2.4999999999999998e-05 1.84814453125
2.4999999999999998e-05 1.851715087890625
2.4999999999999998e-05 1.733612060546875
2.4999999999999998e-05 1.9964447021484375
2.4999999999999998e-05 1.9939727783203125
2.4999999999999998e-05 1.958099365234375
2.4999999999999998e-05 1.699859619140625
2.4999999999999998e-05 1.8217926025390625
2.4999999999999998e-05 1.9210205078125
2.4999999999999998e-05 2.139129638671875
2.4999999999999998e-05 1.79736328125
2.4999999999999998e-05 1.92205810546875
2.4999999999999998e-05 1.73974609375
2.4999999999999998e-05 2.049713134765625
2.4999999999999998e-05 1.6017608642578125
2.4999999999999998e-05 2.187408447265625
2.4999999999999998e-05 1.7295684814453125
2.4999999999999998e-05 1.5143585205078125
2.4999999999999998e-05 2.105499267578125
2.4999999999999998e-05 1.8354034423828125
2.4999999999999998e-05 1.84857177734375
2.4999999999999998e-05 1.8486328125
2.4999999999999998e-05 2.16119384765625
2.4999999999999998e-05 1.82464599609375
2.4999999999999998e-05 1.6496734619140625
2.4999999999999998e-05 1.6337890625
2.4999999999999998e-05 1.7445526123046875
2.4999999999999998e-05 2.057220458984375
2.4999999999999998e-05 2.147369384765625
2.4999999999999998e-05 2.025543212890625
2.4999999999999998e-05 1.9224395751953125
2.4999999999999998e-05 1.8250732421875
2.4999999999999998e-05 2.045196533203125
2.4999999999999998e-05 1.611663818359375
2.4999999999999998e-05 1.845062255859375
2.4999999999999998e-05 1.715118408203125
2.4999999999999998e-05 1.667877197265625
2.4999999999999998e-05 1.96112060546875
2.4999999999999998e-05 1.70977783203125
2.4999999999999998e-05 1.6192626953125
2.4999999999999998e-05 2.097869873046875
2.4999999999999998e-05 1.99163818359375
2.4999999999999998e-05 1.898773193359375
2.4999999999999998e-05 1.4688262939453125
2.4999999999999998e-05 2.164398193359375
2.4999999999999998e-05 1.938751220703125
2.4999999999999998e-05 1.9041290283203125
2.4999999999999998e-05 1.84344482421875
2.4999999999999998e-05 2.0763397216796875
2.4999999999999998e-05 1.9277496337890625
2.4999999999999998e-05 1.6299591064453125
2.4999999999999998e-05 1.854156494140625
2.4999999999999998e-05 1.66265869140625
2.4999999999999998e-05 1.579742431640625
2.4999999999999998e-05 1.8129425048828125
2.4999999999999998e-05 1.9075927734375
2.4999999999999998e-05 1.96868896484375
2.4999999999999998e-05 1.90093994140625
2.4999999999999998e-05 1.692047119140625
2.4999999999999998e-05 1.954376220703125
2.4999999999999998e-05 1.3682403564453125
2.4999999999999998e-05 1.727752685546875
2.4999999999999998e-05 1.6794891357421875
2.4999999999999998e-05 1.7656402587890625
2.4999999999999998e-05 1.7368927001953125
2.4999999999999998e-05 2.093841552734375
2.4999999999999998e-05 1.827239990234375
2.4999999999999998e-05 1.5255889892578125
2.4999999999999998e-05 1.6836090087890625
2.4999999999999998e-05 1.768585205078125
2.4999999999999998e-05 1.53839111328125
2.4999999999999998e-05 1.756988525390625
2.4999999999999998e-05 1.555084228515625
2.4999999999999998e-05 1.7951202392578125
2.4999999999999998e-05 1.4535064697265625
2.4999999999999998e-05 1.8243560791015625
2.4999999999999998e-05 2.0218963623046875
2.4999999999999998e-05 1.69647216796875
2.4999999999999998e-05 1.7749481201171875
2.4999999999999998e-05 2.04486083984375
2.4999999999999998e-05 2.0693817138671875
2.4999999999999998e-05 1.6944580078125
2.4999999999999998e-05 1.8207550048828125
2.4999999999999998e-05 2.013031005859375
2.4999999999999998e-05 2.0240936279296875
2.4999999999999998e-05 1.7485198974609375
2.4999999999999998e-05 1.92449951171875
2.4999999999999998e-05 1.5198974609375
2.4999999999999998e-05 1.6575775146484375
2.4999999999999998e-05 2.252410888671875
2.4999999999999998e-05 1.8113555908203125
2.4999999999999998e-05 1.704833984375
2.4999999999999998e-05 1.5302276611328125
2.4999999999999998e-05 1.6839447021484375
2.4999999999999998e-05 1.6104888916015625
2.4999999999999998e-05 1.6898193359375
2.4999999999999998e-05 2.1429290771484375
2.4999999999999998e-05 2.0626983642578125
2.4999999999999998e-05 1.730072021484375
2.4999999999999998e-05 1.7663421630859375
2.4999999999999998e-05 1.7413177490234375
2.4999999999999998e-05 1.8423004150390625
2.4999999999999998e-05 1.539031982421875
2.4999999999999998e-05 1.735504150390625
2.4999999999999998e-05 1.4067840576171875
2.4999999999999998e-05 1.73248291015625
2.4999999999999998e-05 1.877166748046875
2.4999999999999998e-05 1.83734130859375
2.4999999999999998e-05 2.026031494140625
2.4999999999999998e-05 1.70428466796875
2.4999999999999998e-05 1.5648956298828125
2.4999999999999998e-05 1.979583740234375
2.4999999999999998e-05 1.699981689453125
2.4999999999999998e-05 1.9492645263671875
2.4999999999999998e-05 1.7216644287109375
2.4999999999999998e-05 1.80731201171875
2.4999999999999998e-05 1.424896240234375
2.4999999999999998e-05 1.8709716796875
2.4999999999999998e-05 1.8922271728515625
2.4999999999999998e-05 1.6968536376953125
2.4999999999999998e-05 1.736083984375
2.4999999999999998e-05 1.6522369384765625
2.4999999999999998e-05 1.6902313232421875
2.4999999999999998e-05 1.5902862548828125
2.4999999999999998e-05 1.4839324951171875
2.4999999999999998e-05 1.58837890625
2.4999999999999998e-05 1.82568359375
2.4999999999999998e-05 1.7562103271484375
2.4999999999999998e-05 1.6297149658203125
2.4999999999999998e-05 1.8568572998046875
2.4999999999999998e-05 1.707275390625
2.4999999999999998e-05 1.6060638427734375
2.4999999999999998e-05 1.6504974365234375
2.4999999999999998e-05 1.801116943359375
2.4999999999999998e-05 2.193389892578125
2.4999999999999998e-05 1.7162628173828125
2.4999999999999998e-05 1.7776336669921875
2.4999999999999998e-05 1.7273712158203125
2.4999999999999998e-05 1.6533050537109375
2.4999999999999998e-05 1.9630279541015625
2.4999999999999998e-05 1.6649169921875
2.4999999999999998e-05 2.2650299072265625
2.4999999999999998e-05 1.745513916015625
2.4999999999999998e-05 1.8511505126953125
2.4999999999999998e-05 1.7574615478515625
2.4999999999999998e-05 1.4354400634765625
2.4999999999999998e-05 1.7911529541015625
2.4999999999999998e-05 1.421844482421875
2.4999999999999998e-05 1.6815769672393799
0.000125 1.869720458984375
0.000125 1.7606964111328125
0.000125 1.6940460205078125
0.000125 2.1288986206054688
0.000125 2.1131820678710938
0.000125 1.728424072265625
0.000125 1.6394805908203125
0.000125 1.758148193359375
0.000125 1.8821258544921875
0.000125 1.573638916015625
0.000125 2.1396942138671875
0.000125 1.861358642578125
0.000125 1.797027587890625
0.000125 1.7326202392578125
0.000125 1.742584228515625
0.000125 1.778961181640625
0.000125 1.790679931640625
0.000125 1.9405670166015625
0.000125 1.7639923095703125
0.000125 1.7379150390625
0.000125 2.0670013427734375
0.000125 1.7221832275390625
0.000125 1.6486053466796875
0.000125 1.7899169921875
0.000125 1.5933837890625
0.000125 1.443359375
0.000125 1.7566680908203125
0.000125 1.329803466796875
0.000125 1.3125
0.000125 1.7813720703125
0.000125 1.590301513671875
0.000125 1.8378753662109375
0.000125 1.393218994140625
0.000125 1.5590286254882812
0.000125 1.6800384521484375
0.000125 1.4459381103515625
0.000125 1.76885986328125
0.000125 1.5111846923828125
0.000125 1.5482864379882812
0.000125 1.3600387573242188
0.000125 1.386688232421875
0.000125 2.0984725952148438
0.000125 1.5059814453125
0.000125 1.6422271728515625
0.000125 1.3183135986328125
0.000125 1.7116928100585938
0.000125 1.5197601318359375
0.000125 1.400054931640625
0.000125 1.3353805541992188
0.000125 1.5564804077148438
0.000125 1.4494476318359375
0.000125 1.45684814453125
0.000125 1.3565139770507812
0.000125 1.1619110107421875
0.000125 1.343841552734375
0.000125 1.4194107055664062
0.000125 1.0355644226074219
0.000125 1.60052490234375
0.000125 1.2683258056640625
0.000125 1.21514892578125
0.000125 1.2316551208496094
0.000125 1.2874603271484375
0.000125 0.9939956665039062
0.000125 1.4552230834960938
0.000125 1.0190353393554688
0.000125 1.0157470703125
0.000125 0.9641494750976562
0.000125 1.6337203979492188
0.000125 1.5076446533203125
0.000125 1.1547775268554688
0.000125 1.491058349609375
0.000125 1.1189422607421875
0.000125 1.2354736328125
0.000125 1.557373046875
0.000125 1.2630386352539062
0.000125 2.0343475341796875
0.000125 1.9623260498046875
0.000125 1.6735916137695312
0.000125 1.5663909912109375
0.000125 0.9000473022460938
0.000125 1.3503570556640625
0.000125 1.2968063354492188
0.000125 1.3170928955078125
0.000125 1.744903564453125
0.000125 1.1896743774414062
0.000125 1.311370849609375
0.000125 1.24249267578125
0.000125 1.2133636474609375
0.000125 0.9868392944335938
0.000125 0.9798431396484375
0.000125 1.2182846069335938
0.000125 1.3741531372070312
0.000125 1.3137893676757812
0.000125 1.4207916259765625
0.000125 1.3565177917480469
0.000125 1.961639404296875
0.000125 1.3253097534179688
0.000125 1.0950546264648438
0.000125 1.2513427734375
0.000125 1.45587158203125
0.000125 1.1276473999023438
0.000125 1.1278800964355469
0.000125 1.51275634765625
0.000125 1.227752685546875
0.000125 1.2086944580078125
0.000125 1.3192901611328125
0.000125 1.9632797241210938
0.000125 1.358551025390625
0.000125 1.3402786254882812
0.000125 1.56085205078125
0.000125 1.3272705078125
0.000125 1.2521133422851562
0.000125 1.3595199584960938
0.000125 1.8605270385742188
0.000125 1.0839385986328125
0.000125 1.0290298461914062
0.000125 1.5101165771484375
0.000125 1.47711181640625
0.000125 1.3229331970214844
0.000125 1.411376953125
0.000125 1.400482177734375
0.000125 1.0367050170898438
0.000125 1.650360107421875
0.000125 1.4472122192382812
0.000125 1.2563934326171875
0.000125 1.4542045593261719
0.000125 1.4005775451660156
0.000125 1.2328262329101562
0.000125 1.4158363342285156
0.000125 1.2986221313476562
0.000125 1.1548309326171875
0.000125 1.08526611328125
0.000125 1.1424942016601562
0.000125 1.2468338012695312
0.000125 1.2113113403320312
0.000125 1.3386154174804688
0.000125 0.9233856201171875
0.000125 0.8703384399414062
0.000125 1.451873779296875
0.000125 0.9829330444335938
0.000125 0.925689697265625
0.000125 1.2369308471679688
0.000125 1.3404998779296875
0.000125 0.8711738586425781
0.000125 1.1752777099609375
0.000125 1.3780937194824219
0.000125 1.6555671691894531
0.000125 1.4351158142089844
0.000125 1.2734375
0.000125 1.2657089233398438
0.000125 1.3828811645507812
0.000125 1.1735763549804688
0.000125 1.2407760620117188
0.000125 1.0557632446289062
0.000125 1.0562286376953125
0.000125 1.1534881591796875
0.000125 1.3099899291992188
0.000125 1.1926345825195312
0.000125 1.1978111267089844
0.000125 1.1265869140625
0.000125 0.9196891784667969
0.000125 1.1829299926757812
0.000125 0.5943794250488281
0.000125 1.1129035949707031
0.000125 1.1653861999511719
0.000125 1.4345779418945312
0.000125 0.7656135559082031
0.000125 1.4898681640625
0.000125 1.4785881042480469
0.000125 1.6930465698242188
0.000125 1.1038856506347656
0.000125 1.5037078857421875
0.000125 1.4374771118164062
0.000125 2.256786346435547
0.000125 1.1207275390625
0.000125 1.5270957946777344
0.000125 1.367849349975586
0.000125 0.8918075561523438
0.000125 1.3192481994628906
0.000125 1.0852813720703125
0.000125 0.9904747009277344
0.000125 1.2050704956054688
0.000125 1.1286468505859375
0.000125 1.1544113159179688
0.000125 1.5427055358886719
0.000125 2.2839431762695312
0.000125 1.2010955810546875
0.000125 1.3560447692871094
0.000125 1.0091018676757812
0.000125 1.2002487182617188
0.000125 0.9511070251464844
0.000125 1.1487274169921875
0.000125 1.0349273681640625
0.000125 1.1957550048828125
0.000125 1.0638771057128906
0.000125 1.0533218383789062
0.000125 1.7972488403320312
0.000125 1.0229988098144531
0.000125 1.1489295959472656
0.000125 1.1203079223632812
0.000125 1.5046367645263672
0.000125 1.5078716278076172
0.000125 1.4755020141601562
0.000125 1.2089176177978516
0.000125 0.9354896545410156
0.000125 0.9979705810546875
0.000125 1.3752670288085938
0.000125 1.2039642333984375
0.000125 1.5654296875
0.000125 1.0571746826171875
0.000125 0.9862689971923828
0.000125 1.6121253967285156
0.000125 1.3725242614746094
0.000125 1.2808036804199219
0.000125 1.3369789123535156
0.000125 1.6885147094726562
0.000125 1.0280876159667969
0.000125 0.8720664978027344
0.000125 0.8607139587402344
0.000125 0.9562759399414062
0.000125 1.4765586853027344
0.000125 1.512176513671875
0.000125 1.1972160339355469
0.000125 1.1738128662109375
0.000125 1.3266792297363281
0.000125 1.3649749755859375
0.000125 0.8724746704101562
0.000125 1.1251068115234375
0.000125 1.588592529296875
0.000125 1.4044189453125
0.000125 1.2070770263671875
0.000125 1.0185012817382812
0.000125 0.9908599853515625
0.000125 1.3180618286132812
0.000125 1.1308212280273438
0.000125 1.0529937744140625
0.000125 0.9253463745117188
0.000125 1.5580368041992188
0.000125 1.3496856689453125
0.000125 1.2451820373535156
0.000125 1.1430511474609375
0.000125 1.3623199462890625
0.000125 0.9920578002929688
0.000125 0.7742042541503906
0.000125 1.0069465637207031
0.000125 0.9637794494628906
0.000125 0.9616813659667969
0.000125 1.0825386047363281
0.000125 1.1564674377441406
0.000125 1.4255943298339844
0.000125 0.9298763275146484
0.000125 1.1097373962402344
0.000125 1.490769386291504
0.000125 0.7007246017456055
0.000125 1.0479183197021484
0.000125 1.2763023376464844
0.000125 1.09625244140625
0.000125 0.9581565856933594
0.000125 1.0375728607177734
0.000125 1.050079345703125
0.000125 0.7157497406005859
0.000125 0.8177986145019531
0.000125 0.9515342712402344
0.000125 0.7268867492675781
0.000125 0.9721908569335938
0.000125 0.7534160614013672
0.000125 0.9529037475585938
0.000125 0.5330734252929688
0.000125 1.2640819549560547
0.000125 1.1051044464111328
0.000125 0.9093074798583984
0.000125 1.0254592895507812
0.000125 1.16021728515625
0.000125 1.238321304321289
0.000125 1.0303230285644531
0.000125 1.1135444641113281
0.000125 1.160247802734375
0.000125 1.0875282287597656
0.000125 0.909332275390625
0.000125 1.1654415130615234
0.000125 1.0520515441894531
0.000125 1.0716094970703125
0.000125 1.2865486145019531
0.000125 1.0766220092773438
0.000125 0.9958724975585938
0.000125 0.8870429992675781
0.000125 0.9636993408203125
0.000125 0.7798042297363281
0.000125 1.2229843139648438
0.000125 1.616220474243164
0.000125 1.4860858917236328
0.000125 1.048069953918457
0.000125 0.7994213104248047
0.000125 1.0788726806640625
0.000125 0.9527320861816406
0.000125 1.0195751190185547
0.000125 0.9938192367553711
0.000125 0.8192176818847656
0.000125 1.1379938125610352
0.000125 1.1108589172363281
0.000125 1.0549488067626953
0.000125 1.0844097137451172
0.000125 1.039031982421875
0.000125 1.0871734619140625
0.000125 1.4294090270996094
0.000125 0.7967929840087891
0.000125 1.0844650268554688
0.000125 0.9314117431640625
0.000125 1.1680526733398438
0.000125 0.6836814880371094
0.000125 1.0162200927734375
0.000125 1.1038455963134766
0.000125 0.7938156127929688
0.000125 0.7691650390625
0.000125 0.8448944091796875
0.000125 1.2742023468017578
0.000125 1.2128448486328125
0.000125 1.0004138946533203
0.000125 0.8041515350341797
0.000125 1.0089731216430664
0.000125 1.6769351959228516
0.000125 0.9019718170166016
0.000125 1.0527420043945312
0.000125 0.7944488525390625
0.000125 0.8650436401367188
0.000125 1.2764701843261719
0.000125 1.1976470947265625
0.000125 1.0407390594482422
0.000125 0.8902549743652344
0.000125 0.9272918701171875
0.000125 0.8952827453613281
0.000125 0.8659038543701172
0.000125 0.9063339233398438
0.000125 0.8855323791503906
0.000125 1.1490325927734375
0.000125 1.01678466796875
0.000125 1.2629280090332031
0.000125 1.0855789184570312
0.000125 1.1104164123535156
0.000125 0.9890899658203125
0.000125 0.8789253234863281
0.000125 0.8393130302429199
0.000625 1.2367000579833984
0.000625 1.9984703063964844
0.000625 2.4162988662719727
0.000625 1.496206283569336
0.000625 2.4677963256835938
0.000625 2.909759521484375
0.000625 1.5289306640625
0.000625 1.34832763671875
0.000625 1.8930168151855469
0.000625 3.2954559326171875
0.000625 3.7408275604248047
0.000625 1.9117431640625
0.000625 1.733978271484375
0.000625 2.050506591796875
0.000625 1.463531494140625
0.000625 1.8241310119628906
0.000625 2.3692588806152344
0.000625 2.2366485595703125
0.000625 1.681732177734375
0.000625 1.7431793212890625
0.000625 1.7650909423828125
0.000625 1.7111434936523438
0.000625 1.2536468505859375
0.000625 1.4907684326171875
0.000625 1.497711181640625
0.000625 1.333836555480957
0.000625 1.193831443786621
0.000625 0.80841064453125
0.000625 0.8873100280761719
0.000625 3.161897659301758
0.000625 1.9877891540527344
0.000625 1.6703057289123535
0.000625 1.29803466796875
0.000625 1.395162582397461
0.000625 1.5399417877197266
0.000625 1.2795143127441406
0.000625 1.393209457397461
0.000625 1.3368949890136719
0.000625 1.454050064086914
0.000625 0.7105751037597656
0.000625 1.146127700805664
0.000625 1.9866142272949219
0.000625 1.0312652587890625
0.000625 1.5980186462402344
0.000625 1.01483154296875
0.000625 1.4470596313476562
0.000625 1.1448287963867188
0.000625 1.3947677612304688
0.000625 1.003143310546875
0.000625 1.4961395263671875
0.000625 1.2016830444335938
0.000625 0.8833885192871094
0.000625 0.9814033508300781
0.000625 1.024658203125
0.000625 0.9925079345703125
0.000625 0.9848442077636719
0.000625 0.7454643249511719
0.000625 1.4625358581542969
0.000625 0.9738082885742188
0.000625 1.480093002319336
0.000625 1.4475231170654297
0.000625 1.7883644104003906
0.000625 2.0405807495117188
0.000625 1.510976791381836
0.000625 1.0305042266845703
0.000625 1.4577713012695312
0.000625 2.140186309814453
0.000625 2.0813770294189453
0.000625 1.827310562133789
0.000625 1.8334274291992188
0.000625 3.6926651000976562
0.000625 2.2635955810546875
0.000625 1.6924667358398438
0.000625 1.40234375
0.000625 1.87823486328125
0.000625 2.8065338134765625
0.000625 1.9187393188476562
0.000625 1.36883544921875
0.000625 1.711700439453125
0.000625 1.977691650390625
0.000625 1.7875137329101562
0.000625 1.409027099609375
0.000625 1.1878204345703125
0.000625 1.6503677368164062
0.000625 1.3235244750976562
0.000625 1.1862678527832031
0.000625 1.0698928833007812
0.000625 1.1976547241210938
0.000625 0.9952583312988281
0.000625 0.83563232421875
0.000625 1.2425079345703125
0.000625 1.0019073486328125
0.000625 1.2900810241699219
0.000625 1.2564125061035156
0.000625 1.1563034057617188
0.000625 1.6292304992675781
0.000625 1.1817703247070312
0.000625 0.9841728210449219
0.000625 1.1145930290222168
0.000625 1.311570167541504
0.000625 1.0732955932617188
0.000625 0.9267616271972656
0.000625 1.0240192413330078
0.000625 1.0749549865722656
0.000625 0.9006919860839844
0.000625 0.8447189331054688
0.000625 1.1319694519042969
0.000625 1.1423606872558594
0.000625 0.9050407409667969
0.000625 1.0828380584716797
0.000625 0.9302301406860352
0.000625 1.1016101837158203
0.000625 1.13909912109375
0.000625 1.1980476379394531
0.000625 1.1693916320800781
0.000625 1.180612564086914
0.000625 1.0314388275146484
0.000625 1.1684551239013672
0.000625 0.7743434906005859
0.000625 1.0335006713867188
0.000625 0.7941913604736328
0.000625 0.7347354888916016
0.000625 1.3565292358398438
0.000625 1.3353309631347656
0.000625 0.8800926208496094
0.000625 1.882904052734375
0.000625 0.7620315551757812
0.000625 0.7899646759033203
0.000625 0.9670295715332031
0.000625 1.0747032165527344
0.000625 0.8592872619628906
0.000625 0.8579540252685547
0.000625 0.9800815582275391
0.000625 0.6911067962646484
0.000625 0.8057403564453125
0.000625 1.0824966430664062
0.000625 0.7273635864257812
0.000625 0.8190507888793945
0.000625 1.088963508605957
0.000625 0.5557861328125
0.000625 0.9453411102294922
0.000625 1.0654163360595703
0.000625 1.2708816528320312
0.000625 0.49897003173828125
0.000625 1.257354736328125
0.000625 1.7339200973510742
0.000625 2.0023136138916016
0.000625 1.0832033157348633
0.000625 1.787855625152588
0.000625 1.5035324096679688
0.000625 1.7115325927734375
0.000625 1.3596696853637695
0.000625 0.9950065612792969
0.000625 0.8245134353637695
0.000625 0.976201057434082
0.000625 1.1333179473876953
0.000625 1.2457399368286133
0.000625 1.1520423889160156
0.000625 0.9772548675537109
0.000625 0.9208049774169922
0.000625 1.4062767028808594
0.000625 0.9792861938476562
0.000625 0.5344276428222656
0.000625 0.7878799438476562
0.000625 1.3762531280517578
0.000625 2.0125961303710938
0.000625 1.2986106872558594
0.000625 1.2099838256835938
0.000625 0.9709110260009766
0.000625 1.2359552383422852
0.000625 1.2960968017578125
0.000625 1.1214828491210938
0.000625 1.2286148071289062
0.000625 1.2785940170288086
0.000625 1.0945940017700195
0.000625 1.1341896057128906
0.000625 1.143707275390625
0.000625 1.407663345336914
0.000625 1.4062881469726562
0.000625 1.0808391571044922
0.000625 0.9332380294799805
0.000625 1.1266145706176758
0.000625 0.9413681030273438
0.000625 0.9646406173706055
0.000625 1.1038408279418945
0.000625 1.6588406562805176
0.000625 0.8923721313476562
0.000625 0.8725605010986328
0.000625 0.6153373718261719
0.000625 0.737823486328125
0.000625 0.6984634399414062
0.000625 0.8635115623474121
0.000625 0.6309614181518555
0.000625 1.0089454650878906
0.000625 0.7283024787902832
0.000625 0.7048356533050537
0.000625 1.2061171531677246
0.000625 0.7018470764160156
0.000625 0.979971170425415
0.000625 0.7815227508544922
0.000625 0.8538820743560791
0.000625 0.9691095352172852
0.000625 1.0216703414916992
0.000625 0.9157934188842773
0.000625 0.8078451156616211
0.000625 0.7560434341430664
0.000625 1.0685067176818848
0.000625 0.7719874382019043
0.000625 1.3195457458496094
0.000625 0.8764100074768066
0.000625 0.9922219514846802
0.000625 1.274491310119629
0.000625 0.9142007827758789
0.000625 0.9039124250411987
0.000625 0.929835319519043
0.000625 1.184096336364746
0.000625 0.47303056716918945
0.000625 0.4551823139190674
0.000625 1.0760116577148438
0.000625 0.8434438705444336
0.000625 1.6098790168762207
0.000625 1.4893455505371094
0.000625 0.8921964168548584
0.000625 0.8186116218566895
0.000625 0.8182401657104492
0.000625 1.0912237167358398
0.000625 0.8508725166320801
0.000625 1.0273356437683105
0.000625 0.8113760948181152
0.000625 0.8415179252624512
0.000625 1.1373662948608398
0.000625 0.8539037704467773
0.000625 0.612175464630127
0.000625 1.0442419052124023
0.000625 0.7586674690246582
0.000625 0.5342645645141602
0.000625 0.527829647064209
0.000625 1.1132683753967285
0.000625 0.8907046318054199
0.000625 0.8099966049194336
0.000625 0.8818836212158203
0.000625 1.055832862854004
0.000625 0.7347750663757324
0.000625 0.4557971954345703
0.000625 0.9697360992431641
0.000625 0.6454954147338867
0.000625 0.41483068466186523
0.000625 0.7534122467041016
0.000625 0.6781902313232422
0.000625 1.004216194152832
0.000625 0.6270332336425781
0.000625 0.5477981567382812
0.000625 0.6080865859985352
0.000625 0.7878713607788086
0.000625 1.2663087844848633
0.000625 0.5786333084106445
0.000625 1.064046859741211
0.000625 0.9081335067749023
0.000625 0.8039770126342773
0.000625 0.5318503379821777
0.000625 0.3124275207519531
0.000625 0.5748958587646484
0.000625 0.6296274662017822
0.000625 0.5417094230651855
0.000625 0.6025123596191406
0.000625 0.669719934463501
0.000625 0.5627927780151367
0.000625 0.2467951774597168
0.000625 0.6197423934936523
0.000625 0.4473845958709717
0.000625 0.9112601280212402
0.000625 0.8815734386444092
0.000625 0.8402893543243408
0.000625 0.7730472087860107
0.000625 0.7628991603851318
0.000625 0.784416913986206
0.000625 0.8196706771850586
0.000625 1.0577701330184937
0.000625 0.7510175704956055
0.000625 1.0495688915252686
0.000625 0.8079423904418945
0.000625 0.7207708358764648
0.000625 1.1773948669433594
0.000625 0.7387905120849609
0.000625 0.6687641143798828
0.000625 0.6628932952880859
0.000625 0.7170953750610352
0.000625 0.6668767929077148
0.000625 0.4936699867248535
0.000625 0.9912996292114258
0.000625 1.2115139961242676
0.000625 0.890588641166687
0.000625 0.47485852241516113
0.000625 0.5802412033081055
0.000625 0.4957869052886963
0.000625 0.37688350677490234
0.000625 0.48210668563842773
0.000625 0.4691905975341797
0.000625 0.6432962417602539
0.000625 0.644099235534668
0.000625 0.8690915107727051
0.000625 0.4969921112060547
0.000625 0.4370694160461426
0.000625 0.6123321056365967
0.000625 1.026097297668457
0.000625 0.3927440643310547
0.000625 0.6821694374084473
0.000625 0.721092700958252
0.000625 0.7558069229125977
0.000625 0.32408618927001953
0.000625 0.9230589866638184
0.000625 0.6222090721130371
0.000625 0.3375105857849121
0.000625 0.33052492141723633
0.000625 0.8693678379058838
0.000625 0.5117597579956055
0.000625 0.424182653427124
0.000625 0.3811228275299072
0.000625 0.5644569396972656
0.000625 0.6014485359191895
0.000625 0.7233612537384033
0.000625 0.8017895221710205
0.000625 0.8081786632537842
0.000625 0.13261055946350098
0.000625 0.32497477531433105
0.000625 0.5418624877929688
0.000625 0.8324593305587769
0.000625 0.5550954341888428
0.000625 0.5520129203796387
0.000625 0.5705711841583252
0.000625 0.504859209060669
0.000625 0.5831418037414551
0.000625 0.48902392387390137
0.000625 0.49078822135925293
0.000625 0.6974549293518066
0.000625 0.7263402938842773
0.000625 0.6985797882080078
0.000625 0.641484260559082
0.000625 0.40098094940185547
0.000625 0.3776097297668457
0.000625 0.48157501220703125
0.000625 0.2356467843055725
0.003125 0.6728682518005371
0.003125 6.081531524658203
0.003125 6.147170066833496
0.003125 2.6661577224731445
0.003125 4.559426784515381
0.003125 3.6722259521484375
0.003125 2.9798812866210938
0.003125 2.963043212890625
0.003125 1.9011726379394531
0.003125 1.5848808288574219
0.003125 1.6157264709472656
0.003125 1.7550811767578125
0.003125 1.8640670776367188
0.003125 1.7337112426757812
0.003125 1.7751007080078125
0.003125 1.86370849609375
0.003125 1.5412683486938477
0.003125 1.915757179260254
0.003125 1.5049858093261719
0.003125 1.525278091430664
0.003125 1.9024033546447754
0.003125 1.8380372524261475
0.003125 1.4200553894042969
0.003125 1.318603515625
0.003125 1.4241399765014648
0.003125 1.2777509689331055
0.003125 1.1069221496582031
0.003125 1.111755609512329
0.003125 1.2609493732452393
0.003125 1.120813250541687
0.003125 0.9958076477050781
0.003125 1.700958251953125
0.003125 0.7051544189453125
0.003125 1.0172045230865479
0.003125 2.189286708831787
0.003125 1.196313500404358
0.003125 2.1897354125976562
0.003125 1.3397209644317627
0.003125 1.7085628509521484
0.003125 1.8398208618164062
0.003125 1.7512741088867188
0.003125 2.2688827514648438
0.003125 1.5065383911132812
0.003125 1.6816473007202148
0.003125 1.417922019958496
0.003125 2.1142120361328125
0.003125 1.2216033935546875
0.003125 1.3975601196289062
0.003125 1.2018852233886719
0.003125 1.6798210144042969
0.003125 1.6129999160766602
0.003125 1.2574338912963867
0.003125 0.8004531860351562
0.003125 1.7465629577636719
0.003125 1.9543838500976562
0.003125 1.4895706176757812
0.003125 1.1182212829589844
0.003125 2.0531997680664062
0.003125 1.6748504638671875
0.003125 1.0532379150390625
0.003125 0.9723148345947266
0.003125 1.0351104736328125
0.003125 0.8212890625
0.003125 1.186131477355957
0.003125 0.9925689697265625
0.003125 0.8130340576171875
0.003125 0.7579813003540039
0.003125 1.229175090789795
0.003125 1.2106513977050781
0.003125 1.7033767700195312
0.003125 2.6299819946289062
0.003125 1.5872039794921875
0.003125 1.6231155395507812
0.003125 2.643218994140625
0.003125 2.281505584716797
0.003125 1.7368831634521484
0.003125 1.2333660125732422
0.003125 1.57183837890625
0.003125 1.2463254928588867
0.003125 0.8147850036621094
0.003125 0.9199233055114746
0.003125 1.4796068668365479
0.003125 1.057206392288208
0.003125 1.6561167240142822
0.003125 0.7116532325744629
0.003125 1.015568733215332
0.003125 0.9618940353393555
0.003125 1.0453901290893555
0.003125 1.0134015083312988
0.003125 0.6795344352722168
0.003125 1.2686872482299805
0.003125 1.7358360290527344
0.003125 0.8033990859985352
0.003125 0.7898550033569336
0.003125 1.1425371170043945
0.003125 0.8657722473144531
0.003125 0.9582500457763672
0.003125 0.8892669677734375
0.003125 1.0680961608886719
0.003125 0.9453773498535156
0.003125 1.0190391540527344
0.003125 0.6087303161621094
0.003125 0.8624114990234375
0.003125 0.9966917037963867
0.003125 0.7532835006713867
0.003125 0.7120366096496582
0.003125 1.019496202468872
0.003125 1.007573127746582
0.003125 0.8536221981048584
0.003125 0.9408936500549316
0.003125 0.7808926105499268
0.003125 0.6584954261779785
0.003125 1.0138931274414062
0.003125 0.7573766708374023
0.003125 1.2862215042114258
0.003125 1.263686180114746
0.003125 1.1174287796020508
0.003125 0.9142990112304688
0.003125 1.2245101928710938
0.003125 0.7738475799560547
0.003125 1.1445446014404297
0.003125 0.7317609786987305
0.003125 1.4010581970214844
0.003125 1.337432861328125
0.003125 1.483968734741211
0.003125 1.9780282974243164
0.003125 0.7726883888244629
0.003125 1.472998857498169
0.003125 2.599013566970825
0.003125 1.5261338949203491
0.003125 1.261366844177246
0.003125 0.8273730278015137
0.003125 1.814009666442871
0.003125 1.2143487930297852
0.003125 0.7092769145965576
0.003125 1.532564640045166
0.003125 0.7542479038238525
0.003125 1.1543842554092407
0.003125 1.2038555145263672
0.003125 0.969449520111084
0.003125 1.1064376831054688
0.003125 1.263113021850586
0.003125 1.0078773498535156
0.003125 0.44526100158691406
0.003125 0.7752933502197266
0.003125 1.2366089820861816
0.003125 1.1833810806274414
0.003125 0.92572021484375
0.003125 1.3432464599609375
0.003125 0.8875160217285156
0.003125 0.9590110778808594
0.003125 0.6039590835571289
0.003125 1.1987419128417969
0.003125 0.8505058288574219
0.003125 0.5411615371704102
0.003125 1.072704792022705
0.003125 1.3006811141967773
0.003125 1.0842289924621582
0.003125 0.7582817077636719
0.003125 0.9132490158081055
0.003125 0.555689811706543
0.003125 0.6158332824707031
0.003125 0.3701658248901367
0.003125 0.8495731353759766
0.003125 0.9088282585144043
0.003125 1.2805137634277344
0.003125 0.35820960998535156
0.003125 1.3042163848876953
0.003125 1.514552116394043
0.003125 1.7455320358276367
0.003125 0.7018117904663086
0.003125 0.7743282318115234
0.003125 0.8360137939453125
0.003125 2.2286529541015625
0.003125 0.9337501525878906
0.003125 1.0123233795166016
0.003125 0.6700153350830078
0.003125 0.4052572250366211
0.003125 0.8334846496582031
0.003125 0.8201413154602051
0.003125 0.6530578136444092
0.003125 0.9902915954589844
0.003125 1.0084600448608398
0.003125 0.7740349769592285
0.003125 0.5721182823181152
0.003125 1.5442585945129395
0.003125 1.1310672760009766
0.003125 1.3028926849365234
0.003125 0.7853775024414062
0.003125 0.779240608215332
0.003125 1.050105094909668
0.003125 0.9564142227172852
0.003125 0.7331113815307617
0.003125 0.738555908203125
0.003125 0.8655538558959961
0.003125 0.5471177101135254
0.003125 1.1485090255737305
0.003125 1.3594534397125244
0.003125 0.9534039497375488
0.003125 0.8649744987487793
0.003125 0.8642740249633789
0.003125 0.7186164855957031
0.003125 0.9475498199462891
0.003125 0.7162723541259766
0.003125 0.7350893020629883
0.003125 0.6006574630737305
0.003125 1.2971343994140625
0.003125 0.78173828125
0.003125 1.1585350036621094
0.003125 0.6096744537353516
0.003125 0.597381591796875
0.003125 0.8355369567871094
0.003125 0.7066988945007324
0.003125 1.1268901824951172
0.003125 0.6087741851806641
0.003125 1.1339693069458008
0.003125 0.5760364532470703
0.003125 0.763728141784668
0.003125 0.5006856918334961
0.003125 0.6990838050842285
0.003125 0.9621481895446777
0.003125 0.9037437438964844
0.003125 0.7476577758789062
0.003125 0.7458419799804688
0.003125 0.7763757705688477
0.003125 0.6522903442382812
0.003125 0.7124195098876953
0.003125 0.8046665191650391
0.003125 0.8369979858398438
0.003125 0.7067947387695312
0.003125 0.8227167129516602
0.003125 0.6562023162841797
0.003125 0.8941559791564941
0.003125 1.8627448081970215
0.003125 0.994178295135498
0.003125 0.7024135589599609
0.003125 0.43131160736083984
0.003125 1.3774099349975586
0.003125 0.9651613235473633
0.003125 0.9665193557739258
0.003125 1.02215576171875
0.003125 0.838932991027832
0.003125 0.9149148464202881
0.003125 0.6527435779571533
0.003125 1.2439610958099365
0.003125 0.6620752811431885
0.003125 0.5912497043609619
0.003125 1.1686334609985352
0.003125 1.1058721542358398
0.003125 1.4684953689575195
0.003125 0.9500164985656738
0.003125 0.521550178527832
0.003125 0.8478982448577881
0.003125 1.2878880500793457
0.003125 2.048727512359619
0.003125 0.9686493873596191
0.003125 0.7951788902282715
0.003125 0.6328721046447754
0.003125 0.7927618026733398
0.003125 0.847264289855957
0.003125 0.6025056838989258
0.003125 0.745330810546875
0.003125 0.8826045989990234
0.003125 0.5759601593017578
0.003125 0.7347862720489502
0.003125 0.5608808994293213
0.003125 0.6741868257522583
0.003125 0.3976401090621948
0.003125 0.6291240453720093
0.003125 0.5919685363769531
0.003125 0.6094657182693481
0.003125 0.583594799041748
0.003125 0.7277629375457764
0.003125 0.8713452219963074
0.003125 0.7587412595748901
0.003125 0.9662941694259644
0.003125 0.7200775146484375
0.003125 0.9871397018432617
0.003125 0.7466816902160645
0.003125 1.1066532135009766
0.003125 0.6448168754577637
0.003125 0.5985479354858398
0.003125 0.8583254814147949
0.003125 0.7610039710998535
0.003125 0.4802980422973633
0.003125 0.6628808975219727
0.003125 0.6301126480102539
0.003125 0.7255852222442627
0.003125 0.4674863815307617
0.003125 1.510408878326416
0.003125 0.7724685668945312
0.003125 0.6438932418823242
0.003125 0.7374610900878906
0.003125 0.6277675628662109
0.003125 0.6466922760009766
0.003125 0.3643665313720703
0.003125 0.5644197463989258
0.003125 0.3644247055053711
0.003125 0.46625852584838867
0.003125 0.6047261953353882
0.003125 0.959852397441864
0.003125 0.7006217241287231
0.003125 0.927704930305481
0.003125 0.7575113773345947
0.003125 0.7140200138092041
0.003125 0.6994488835334778
0.003125 0.9994276165962219
0.003125 0.7292855381965637
0.003125 0.6761190891265869
0.003125 0.31763148307800293
0.003125 1.0071938037872314
0.003125 0.5504661798477173
0.003125 0.3922107219696045
0.003125 0.5246696472167969
0.003125 0.5410387516021729
0.003125 0.2595362663269043
0.003125 0.40877389907836914
0.003125 0.41971254348754883
0.003125 0.4343550205230713
0.003125 0.4345974922180176
0.003125 0.6725989580154419
0.003125 0.7741305828094482
0.003125 0.5467751026153564
0.003125 1.3114323616027832
0.003125 0.5437290668487549
0.003125 0.8176417350769043
0.003125 1.3276410102844238
0.003125 0.901160717010498
0.003125 0.5350780487060547
0.003125 0.6298074722290039
0.003125 0.5480024814605713
0.003125 0.6533441543579102
0.003125 0.8521389961242676
0.003125 0.7546656131744385
0.003125 1.2964799404144287
0.003125 0.5370261669158936
0.003125 0.5408504009246826
0.003125 0.4834873676300049
0.003125 0.4259161949157715
0.003125 0.4469022750854492
0.003125 0.3596477508544922
0.003125 0.3326089382171631
0.015625 0.948585033416748
0.015625 0.9722333550453186
0.015625 3.1010165214538574
0.015625 0.5680837631225586
0.015625 1.771490454673767
0.015625 1.8532724380493164
0.015625 3.221282958984375
0.015625 2.8793792724609375
0.015625 2.22552490234375
0.015625 2.315826416015625
0.015625 2.007110595703125
0.015625 1.440643310546875
0.015625 1.412994384765625
0.015625 1.4342670440673828
0.015625 4.807742595672607
0.015625 2.354736328125
0.015625 2.0439186096191406
0.015625 2.388965606689453
0.015625 1.4351882934570312
0.015625 2.2233505249023438
0.015625 2.8344573974609375
0.015625 3.08544921875
0.015625 2.322784423828125
0.015625 2.17535400390625
0.015625 1.914276123046875
0.015625 2.365509033203125
0.015625 2.2506103515625
0.015625 2.3436126708984375
0.015625 1.85125732421875
0.015625 2.260425567626953
0.015625 2.167388916015625
0.015625 3.3118896484375
0.015625 2.132537841796875
0.015625 2.2691192626953125
0.015625 3.435577392578125
0.015625 2.3546714782714844
0.015625 2.377197265625
0.015625 2.4451904296875
0.015625 2.104248046875
0.015625 1.89776611328125
0.015625 2.23828125
0.015625 3.18280029296875
0.015625 2.02069091796875
0.015625 2.18359375
0.015625 2.10491943359375
0.015625 3.2733612060546875
0.015625 2.70343017578125
0.015625 2.4705810546875
0.015625 2.4381103515625
0.015625 2.213134765625
0.015625 2.03643798828125
0.015625 2.686279296875
0.015625 2.013153076171875
0.015625 2.7583770751953125
0.015625 1.8518295288085938
0.015625 2.03619384765625
0.015625 2.71630859375
0.015625 2.9102935791015625
0.015625 2.164398193359375
0.015625 1.7977294921875
0.015625 2.07708740234375
0.015625 2.4035720825195312
0.015625 2.1269989013671875
0.015625 2.03607177734375
0.015625 1.877349853515625
0.015625 2.051422119140625
0.015625 2.35980224609375
0.015625 2.44647216796875
0.015625 2.411651611328125
0.015625 2.04449462890625
0.015625 2.1779632568359375
0.015625 2.06463623046875
0.015625 2.26171875
0.015625 2.460418701171875
0.015625 2.565216064453125
0.015625 2.922821044921875
0.015625 2.5075836181640625
0.015625 2.4311981201171875
0.015625 2.052490234375
0.015625 1.987518310546875
0.015625 2.14697265625
0.015625 2.20404052734375
0.015625 1.9945068359375
0.015625 2.4683837890625
0.015625 2.42535400390625
0.015625 2.2584228515625
0.015625 2.02679443359375
0.015625 2.03338623046875
0.015625 1.81549072265625
0.015625 1.794891357421875
0.015625 1.87615966796875
0.015625 2.531707763671875
0.015625 1.95037841796875
0.015625 1.9251708984375
0.015625 2.1817626953125
0.015625 1.965728759765625
0.015625 2.245086669921875
0.015625 1.796539306640625
0.015625 1.9916839599609375
0.015625 2.0901641845703125
0.015625 1.851043701171875
0.015625 1.704498291015625
0.015625 1.819061279296875
0.015625 1.86309814453125
0.015625 1.84832763671875
0.015625 1.70928955078125
0.015625 2.13629150390625
0.015625 1.9976043701171875
0.015625 2.0301666259765625
0.015625 2.3430023193359375
0.015625 2.0085296630859375
0.015625 1.80645751953125
0.015625 2.243682861328125
0.015625 2.03192138671875
0.015625 1.88458251953125
0.015625 1.97479248046875
0.015625 2.085662841796875
0.015625 2.12799072265625
0.015625 1.90960693359375
0.015625 1.82354736328125
0.015625 2.260894775390625
0.015625 1.7581787109375
0.015625 2.25286865234375
0.015625 1.94012451171875
0.015625 1.866119384765625
0.015625 2.243316650390625
0.015625 2.09808349609375
0.015625 2.636444091796875
0.015625 2.56988525390625
0.015625 1.985870361328125
0.015625 1.90069580078125
0.015625 1.8124542236328125
0.015625 1.97509765625
0.015625 2.073699951171875
0.015625 2.029296875
0.015625 2.3397216796875
0.015625 1.811187744140625
0.015625 1.56787109375
0.015625 2.184051513671875
0.015625 1.89776611328125
0.015625 1.738128662109375
0.015625 2.165985107421875
0.015625 2.070220947265625
0.015625 1.568817138671875
0.015625 1.9288330078125
0.015625 2.3427886962890625
0.015625 2.1248626708984375
0.015625 1.786346435546875
0.015625 2.00555419921875
0.015625 2.060516357421875
0.015625 2.0770263671875
0.015625 1.851409912109375
0.015625 1.897125244140625
0.015625 1.9619598388671875
0.015625 1.7242279052734375
0.015625 2.0767822265625
0.015625 2.10467529296875
0.015625 1.99334716796875
0.015625 2.00677490234375
0.015625 2.102081298828125
0.015625 1.58453369140625
0.015625 1.857086181640625
0.015625 1.772735595703125
0.015625 2.030670166015625
0.015625 1.9542236328125
0.015625 1.89849853515625
0.015625 1.614166259765625
0.015625 1.70721435546875
0.015625 1.96148681640625
0.015625 2.414215087890625
0.015625 1.7994232177734375
0.015625 1.781951904296875
0.015625 1.693603515625
0.015625 2.215789794921875
0.015625 1.85369873046875
0.015625 1.958282470703125
0.015625 1.852447509765625
0.015625 1.668548583984375
0.015625 2.02484130859375
0.015625 1.782470703125
0.015625 1.648193359375
0.015625 2.128753662109375
0.015625 1.748809814453125
0.015625 1.510284423828125
0.015625 1.609710693359375
0.015625 2.50067138671875
0.015625 2.3000640869140625
0.015625 2.499725341796875
0.015625 2.069732666015625
0.015625 1.88702392578125
0.015625 2.132476806640625
0.015625 2.11260986328125
0.015625 1.91650390625
0.015625 1.935821533203125
0.015625 1.99261474609375
0.015625 1.76116943359375
0.015625 2.33233642578125
0.015625 2.076446533203125
0.015625 2.093292236328125
0.015625 1.671966552734375
0.015625 1.82965087890625
0.015625 1.999542236328125
0.015625 2.286529541015625
0.015625 1.894195556640625
0.015625 1.971588134765625
0.015625 1.808929443359375
0.015625 2.029266357421875
0.015625 1.60986328125
0.015625 2.28741455078125
0.015625 1.70709228515625
0.015625 1.561981201171875
0.015625 2.2660675048828125
0.015625 2.012664794921875
0.015625 1.930877685546875
0.015625 1.9184112548828125
0.015625 2.07122802734375
0.015625 1.9029541015625
0.015625 1.930511474609375
0.015625 1.871734619140625
0.015625 2.0147705078125
0.015625 2.0526123046875
0.015625 2.14910888671875
0.015625 2.149444580078125
0.015625 1.913330078125
0.015625 1.928924560546875
0.015625 2.18218994140625
0.015625 1.718536376953125
0.015625 1.861541748046875
0.015625 1.689849853515625
0.015625 1.82061767578125
0.015625 2.0489959716796875
0.015625 1.8115997314453125
0.015625 1.603759765625
0.015625 2.22344970703125
0.015625 2.055084228515625
0.015625 1.92962646484375
0.015625 1.650177001953125
0.015625 2.25128173828125
0.015625 2.18359375
0.015625 1.968841552734375
0.015625 1.925750732421875
0.015625 2.1902618408203125
0.015625 2.1063232421875
0.015625 1.6333160400390625
0.015625 1.896331787109375
0.015625 1.606903076171875
0.015625 1.6302032470703125
0.015625 1.8670501708984375
0.015625 1.97528076171875
0.015625 2.0420074462890625
0.015625 1.98162841796875
0.015625 1.89483642578125
0.015625 2.11541748046875
0.015625 1.70977783203125
0.015625 1.9298095703125
0.015625 1.75750732421875
0.015625 1.794342041015625
0.015625 1.8255157470703125
0.015625 2.337890625
0.015625 1.936492919921875
0.015625 1.56298828125
0.015625 1.673370361328125
0.015625 1.83038330078125
0.015625 1.619720458984375
0.015625 1.909942626953125
0.015625 1.600250244140625
0.015625 1.826873779296875
0.015625 1.455322265625
0.015625 2.023956298828125
0.015625 2.0649566650390625
0.015625 1.83447265625
0.015625 1.8838958740234375
0.015625 1.96551513671875
0.015625 2.108795166015625
0.015625 1.84136962890625
0.015625 1.935272216796875
0.015625 2.03631591796875
0.015625 2.01702880859375
0.015625 1.777801513671875
0.015625 1.933563232421875
0.015625 1.652679443359375
0.015625 1.759613037109375
0.015625 2.246124267578125
0.015625 2.032257080078125
0.015625 1.783660888671875
0.015625 1.709381103515625
0.015625 1.8798828125
0.015625 1.7252349853515625
0.015625 1.9570159912109375
0.015625 2.42401123046875
0.015625 2.12689208984375
0.015625 1.797943115234375
0.015625 1.80126953125
0.015625 1.7569580078125
0.015625 1.912384033203125
0.015625 1.573822021484375
0.015625 1.806121826171875
0.015625 1.4207916259765625
0.015625 1.7242279052734375
0.015625 2.054656982421875
0.015625 2.3206939697265625
0.015625 2.436553955078125
0.015625 1.888702392578125
0.015625 1.924835205078125
0.015625 2.200592041015625
0.015625 1.809173583984375
0.015625 2.030242919921875
0.015625 1.820770263671875
0.015625 1.8629150390625
0.015625 1.4854278564453125
0.015625 2.174407958984375
0.015625 2.0426177978515625
0.015625 1.91912841796875
0.015625 1.958343505859375
0.015625 1.744842529296875
0.015625 1.820343017578125
0.015625 1.533294677734375
0.015625 1.583831787109375
0.015625 1.6626739501953125
0.015625 1.9342803955078125
0.015625 1.845428466796875
0.015625 1.7914886474609375
0.015625 1.899993896484375
0.015625 1.6454925537109375
0.015625 1.691070556640625
0.015625 1.771209716796875
0.015625 1.86004638671875
0.015625 2.760284423828125
0.015625 1.9288330078125
0.015625 2.0538482666015625
0.015625 1.769866943359375
0.015625 1.64984130859375
0.015625 2.14031982421875
0.015625 1.811920166015625
0.015625 2.233551025390625
0.015625 1.845703125
0.015625 1.942169189453125
0.015625 1.8065948486328125
0.015625 1.57080078125
0.015625 1.9490966796875
0.015625 1.6317901611328125
0.015625 1.8003990650177002
0.078125 1.99835205078125
0.078125 1.831146240234375
0.078125 2.0785064697265625
0.078125 2.0143585205078125
0.078125 2.035400390625
0.078125 1.94073486328125
0.078125 2.45489501953125
0.078125 2.044830322265625
0.078125 2.5167083740234375
0.078125 3.09344482421875
0.078125 2.488555908203125
0.078125 2.6752777099609375
0.078125 2.1110076904296875
0.078125 1.989959716796875
0.078125 2.330596923828125
0.078125 1.969085693359375
0.078125 2.52740478515625
0.078125 2.258697509765625
0.078125 2.3099822998046875
0.078125 2.86090087890625
0.078125 4.191497802734375
0.078125 2.3729248046875
0.078125 2.6300201416015625
0.078125 2.66607666015625
0.078125 2.611602783203125
0.078125 2.106231689453125
0.078125 4.9622802734375
0.078125 2.403411865234375
0.078125 2.0485916137695312
0.078125 2.77703857421875
0.078125 2.5216217041015625
0.078125 4.0189056396484375
0.078125 3.1988525390625
0.078125 2.5252227783203125
0.078125 2.51953125
0.078125 5.248086929321289
0.078125 3.64410400390625
0.078125 2.318756103515625
0.078125 3.150726318359375
0.078125 2.507232666015625
0.078125 2.282196044921875
0.078125 6.482475280761719
0.078125 5.5118560791015625
0.078125 3.639312744140625
0.078125 5.222892761230469
0.078125 5.074310302734375
0.078125 5.635345458984375
0.078125 3.614288330078125
0.078125 4.693549156188965
0.078125 4.783452987670898
0.078125 6.595056533813477
0.078125 5.19677734375
0.078125 3.6166305541992188
0.078125 3.0904388427734375
0.078125 1.966094970703125
0.078125 2.759368896484375
0.078125 1.752716064453125
0.078125 2.450653076171875
0.078125 2.90740966796875
0.078125 3.6231231689453125
0.078125 2.9801025390625
0.078125 2.0669403076171875
0.078125 2.3456268310546875
0.078125 2.714447021484375
0.078125 1.74267578125
0.078125 1.9360504150390625
0.078125 2.4528732299804688
0.078125 2.4241790771484375
0.078125 2.635498046875
0.078125 2.63128662109375
0.078125 3.0676498413085938
0.078125 2.84283447265625
0.078125 2.898223876953125
0.078125 2.1681060791015625
0.078125 2.112213134765625
0.078125 2.73828125
0.078125 2.616912841796875
0.078125 2.321807861328125
0.078125 2.919097900390625
0.078125 2.5555343627929688
0.078125 2.1170501708984375
0.078125 2.652069091796875
0.078125 2.44500732421875
0.078125 3.18133544921875
0.078125 1.83148193359375
0.078125 3.089385986328125
0.078125 3.884368896484375
0.078125 3.552886962890625
0.078125 2.3658447265625
0.078125 2.374176025390625
0.078125 2.562347412109375
0.078125 3.15142822265625
0.078125 1.8833160400390625
0.078125 2.767913818359375
0.078125 3.073211669921875
0.078125 2.037689208984375
0.078125 2.28277587890625
0.078125 2.55755615234375
0.078125 2.8826904296875
0.078125 2.9529800415039062
0.078125 2.8874359130859375
0.078125 2.3057403564453125
0.078125 2.408721923828125
0.078125 2.015899658203125
0.078125 2.4045257568359375
0.078125 2.060546875
0.078125 2.627685546875
0.078125 2.7633895874023438
0.078125 2.040618896484375
0.078125 2.6036529541015625
0.078125 2.212127685546875
0.078125 2.16326904296875
0.078125 3.1703338623046875
0.078125 2.41314697265625
0.078125 2.309173583984375
0.078125 2.407684326171875
0.078125 2.17242431640625
0.078125 2.209259033203125
0.078125 1.9764404296875
0.078125 2.111846923828125
0.078125 2.34149169921875
0.078125 1.86883544921875
0.078125 2.789703369140625
0.078125 1.958160400390625
0.078125 2.134613037109375
0.078125 2.8011474609375
0.078125 2.568450927734375
0.078125 2.809173583984375
0.078125 3.138031005859375
0.078125 2.29425048828125
0.078125 1.96026611328125
0.078125 1.8657989501953125
0.078125 2.5436935424804688
0.078125 2.3175048828125
0.078125 3.055816650390625
0.078125 2.9525146484375
0.078125 1.908660888671875
0.078125 2.1922149658203125
0.078125 3.6930923461914062
0.078125 2.1708984375
0.078125 2.375274658203125
0.078125 2.43157958984375
0.078125 3.094451904296875
0.078125 2.2165985107421875
0.078125 1.802093505859375
0.078125 2.66070556640625
0.078125 3.008026123046875
0.078125 1.934906005859375
0.078125 2.381927490234375
0.078125 2.717803955078125
0.078125 3.6329193115234375
0.078125 2.63922119140625
0.078125 2.7490234375
0.078125 2.7044830322265625
0.078125 2.23529052734375
0.078125 2.2603302001953125
0.078125 2.3535614013671875
0.078125 3.926025390625
0.078125 4.38671875
0.078125 3.617889404296875
0.078125 1.73785400390625
0.078125 2.7769012451171875
0.078125 1.7794952392578125
0.078125 3.272186279296875
0.078125 2.5614471435546875
0.078125 2.6256561279296875
0.078125 1.921630859375
0.078125 2.51336669921875
0.078125 2.239013671875
0.078125 3.7319602966308594
0.078125 2.290496826171875
0.078125 2.633575439453125
0.078125 1.92974853515625
0.078125 3.7941665649414062
0.078125 3.10479736328125
0.078125 2.297332763671875
0.078125 1.8832855224609375
0.078125 2.433074951171875
0.078125 2.639312744140625
0.078125 2.1187744140625
0.078125 2.10888671875
0.078125 2.306884765625
0.078125 1.835845947265625
0.078125 1.6737213134765625
0.078125 1.675506591796875
0.078125 2.90130615234375
0.078125 2.922607421875
0.078125 2.8055419921875
0.078125 2.49658203125
0.078125 2.428955078125
0.078125 2.220733642578125
0.078125 2.438629150390625
0.078125 2.4747314453125
0.078125 2.35565185546875
0.078125 2.074066162109375
0.078125 2.248199462890625
0.078125 2.53216552734375
0.078125 2.390594482421875
0.078125 2.452056884765625
0.078125 2.42529296875
0.078125 2.106842041015625
0.078125 2.520111083984375
0.078125 3.0724945068359375
0.078125 2.2603759765625
0.078125 2.622772216796875
0.078125 2.0426483154296875
0.078125 2.99273681640625
0.078125 1.8439483642578125
0.078125 3.3309326171875
0.078125 2.770751953125
0.078125 2.27276611328125
0.078125 2.378021240234375
0.078125 2.517181396484375
0.078125 2.768890380859375
0.078125 2.27642822265625
0.078125 2.849578857421875
0.078125 2.74346923828125
0.078125 2.058837890625
0.078125 1.622222900390625
0.078125 2.32684326171875
0.078125 2.534576416015625
0.078125 2.498199462890625
0.078125 3.149017333984375
0.078125 2.640472412109375
0.078125 2.36102294921875
0.078125 2.571868896484375
0.078125 1.663177490234375
0.078125 2.8408203125
0.078125 2.212677001953125
0.078125 1.8004913330078125
0.078125 2.1734161376953125
0.078125 2.57635498046875
0.078125 2.160888671875
0.078125 3.0509185791015625
0.078125 2.4599609375
0.078125 2.4217681884765625
0.078125 1.971160888671875
0.078125 3.009796142578125
0.078125 2.26373291015625
0.078125 2.13140869140625
0.078125 2.0492401123046875
0.078125 2.553924560546875
0.078125 2.552154541015625
0.078125 1.989593505859375
0.078125 1.89312744140625
0.078125 2.093536376953125
0.078125 1.7004241943359375
0.078125 2.4441680908203125
0.078125 2.430328369140625
0.078125 3.8361129760742188
0.078125 3.268524169921875
0.078125 2.0650634765625
0.078125 2.30914306640625
0.078125 1.8048095703125
0.078125 1.93682861328125
0.078125 2.0052566528320312
0.078125 2.049346923828125
0.078125 2.02117919921875
0.078125 2.6413726806640625
0.078125 2.004150390625
0.078125 1.688873291015625
0.078125 1.7384796142578125
0.078125 2.807891845703125
0.078125 2.683868408203125
0.078125 2.5612258911132812
0.078125 2.086883544921875
0.078125 2.055450439453125
0.078125 1.5988616943359375
0.078125 2.53033447265625
0.078125 2.832611083984375
0.078125 2.86663818359375
0.078125 2.71588134765625
0.078125 2.503631591796875
0.078125 2.29766845703125
0.078125 2.09002685546875
0.078125 2.430419921875
0.078125 2.723419189453125
0.078125 3.28271484375
0.078125 2.291046142578125
0.078125 2.07940673828125
0.078125 2.2241592407226562
0.078125 1.9552764892578125
0.078125 4.347352981567383
0.078125 3.423084259033203
0.078125 3.58343505859375
0.078125 4.6038818359375
0.078125 3.63104248046875
0.078125 2.20111083984375
0.078125 3.44842529296875
0.078125 4.684967041015625
0.078125 2.9811019897460938
0.078125 2.1328125
0.078125 2.29498291015625
0.078125 2.296875
0.078125 2.264404296875
0.078125 2.111907958984375
0.078125 2.075775146484375
0.078125 1.937103271484375
0.078125 2.029083251953125
0.078125 2.178955078125
0.078125 2.53582763671875
