1e-06 2.743682861328125
1e-06 2.7940673828125
1e-06 2.766876220703125
1e-06 2.78692626953125
1e-06 2.80523681640625
1e-06 2.677093505859375
1e-06 2.87762451171875
1e-06 2.8363037109375
1e-06 2.802581787109375
1e-06 2.82415771484375
1e-06 2.71002197265625
1e-06 2.82952880859375
1e-06 2.700225830078125
1e-06 2.61981201171875
1e-06 2.722412109375
1e-06 2.862884521484375
1e-06 2.75390625
1e-06 2.79583740234375
1e-06 2.8299560546875
1e-06 2.72528076171875
1e-06 2.72637939453125
1e-06 2.7403564453125
1e-06 2.73492431640625
1e-06 2.71954345703125
1e-06 2.679229736328125
1e-06 2.70660400390625
1e-06 2.637969970703125
1e-06 2.5946044921875
1e-06 2.548797607421875
1e-06 2.8157958984375
1e-06 2.623046875
1e-06 2.663360595703125
1e-06 2.5860595703125
1e-06 2.642486572265625
1e-06 2.628631591796875
1e-06 2.535675048828125
1e-06 2.577880859375
1e-06 2.551971435546875
1e-06 2.624908447265625
1e-06 2.62554931640625
1e-06 2.69171142578125
1e-06 2.7933349609375
1e-06 2.4779052734375
1e-06 2.579681396484375
1e-06 2.415313720703125
1e-06 2.710968017578125
1e-06 2.661041259765625
1e-06 2.582305908203125
1e-06 2.582305908203125
1e-06 2.695587158203125
1e-06 2.663818359375
1e-06 2.609954833984375
1e-06 2.537109375
1e-06 2.613739013671875
1e-06 2.5068359375
1e-06 2.576995849609375
1e-06 2.465240478515625
1e-06 2.682647705078125
1e-06 2.66925048828125
1e-06 2.53924560546875
1e-06 2.419036865234375
1e-06 2.49102783203125
1e-06 2.5380859375
1e-06 2.5615234375
1e-06 2.42022705078125
1e-06 2.365753173828125
1e-06 2.55682373046875
1e-06 2.571502685546875
1e-06 2.51446533203125
1e-06 2.43243408203125
1e-06 2.472015380859375
1e-06 2.632080078125
1e-06 2.786773681640625
1e-06 2.281890869140625
1e-06 2.49151611328125
1e-06 2.647491455078125
1e-06 2.57470703125
1e-06 2.63568115234375
1e-06 2.453277587890625
1e-06 2.46014404296875
1e-06 2.481719970703125
1e-06 2.522003173828125
1e-06 2.489898681640625
1e-06 2.7042236328125
1e-06 2.388885498046875
1e-06 2.467193603515625
1e-06 2.36407470703125
1e-06 2.45001220703125
1e-06 2.402496337890625
1e-06 2.318756103515625
1e-06 2.388671875
1e-06 2.641204833984375
1e-06 2.4549560546875
1e-06 2.3944091796875
1e-06 2.39422607421875
1e-06 2.573028564453125
1e-06 2.541778564453125
1e-06 2.2835693359375
1e-06 2.5018310546875
1e-06 2.400299072265625
1e-06 2.38836669921875
