1e-06 2.74249267578125
1e-06 2.7918701171875
1e-06 2.7650146484375
1e-06 2.7862548828125
1e-06 2.8043212890625
1e-06 2.676116943359375
1e-06 2.877166748046875
1e-06 2.8345947265625
1e-06 2.803131103515625
1e-06 2.82275390625
1e-06 2.7093505859375
1e-06 2.82818603515625
1e-06 2.698974609375
1e-06 2.618743896484375
1e-06 2.72137451171875
1e-06 2.86224365234375
1e-06 2.753631591796875
1e-06 2.795196533203125
1e-06 2.829071044921875
1e-06 2.72418212890625
1e-06 2.72540283203125
1e-06 2.739349365234375
1e-06 2.7337646484375
1e-06 2.718658447265625
1e-06 2.676910400390625
1e-06 2.70477294921875
1e-06 2.637115478515625
1e-06 2.592742919921875
1e-06 2.546722412109375
1e-06 2.81524658203125
1e-06 2.62384033203125
1e-06 2.662567138671875
1e-06 2.585174560546875
1e-06 2.64117431640625
1e-06 2.62640380859375
1e-06 2.534454345703125
1e-06 2.576690673828125
1e-06 2.552093505859375
1e-06 2.624053955078125
1e-06 2.62432861328125
1e-06 2.691741943359375
1e-06 2.793243408203125
1e-06 2.47784423828125
1e-06 2.579376220703125
1e-06 2.415435791015625
1e-06 2.709991455078125
1e-06 2.6602783203125
1e-06 2.582244873046875
1e-06 2.581634521484375
1e-06 2.695587158203125
1e-06 2.663330078125
1e-06 2.609466552734375
1e-06 2.53594970703125
1e-06 2.613494873046875
1e-06 2.506103515625
1e-06 2.57598876953125
1e-06 2.46441650390625
1e-06 2.682861328125
1e-06 2.66815185546875
1e-06 2.5380859375
1e-06 2.417510986328125
1e-06 2.489593505859375
1e-06 2.53717041015625
1e-06 2.56146240234375
1e-06 2.419097900390625
1e-06 2.3646240234375
1e-06 2.5555419921875
1e-06 2.571441650390625
1e-06 2.51385498046875
1e-06 2.431732177734375
1e-06 2.47161865234375
1e-06 2.631622314453125
1e-06 2.78692626953125
1e-06 2.28057861328125
1e-06 2.491455078125
1e-06 2.646697998046875
1e-06 2.574188232421875
1e-06 2.635467529296875
1e-06 2.45294189453125
1e-06 2.460205078125
1e-06 2.4813232421875
1e-06 2.52294921875
1e-06 2.48944091796875
1e-06 2.7047119140625
1e-06 2.38836669921875
1e-06 2.4661865234375
1e-06 2.36322021484375
1e-06 2.449737548828125
1e-06 2.402099609375
1e-06 2.31805419921875
1e-06 2.387908935546875
1e-06 2.63995361328125
1e-06 2.455352783203125
1e-06 2.394683837890625
1e-06 2.3935546875
1e-06 2.572845458984375
1e-06 2.542572021484375
1e-06 2.282684326171875
1e-06 2.501434326171875
1e-06 2.401123046875
1e-06 2.388092041015625
