1e-06 2.8172607421875
1e-06 2.7061767578125
1e-06 2.7789306640625
1e-06 2.80816650390625
1e-06 2.81121826171875
1e-06 2.670501708984375
1e-06 2.922698974609375
1e-06 2.779449462890625
1e-06 2.87103271484375
1e-06 2.82879638671875
1e-06 2.662353515625
1e-06 2.801025390625
1e-06 2.66973876953125
1e-06 2.652923583984375
1e-06 2.68701171875
1e-06 2.874664306640625
1e-06 2.65667724609375
1e-06 2.775543212890625
1e-06 2.820556640625
1e-06 2.744659423828125
1e-06 2.752685546875
1e-06 2.675689697265625
1e-06 2.70343017578125
1e-06 2.6533203125
1e-06 2.700897216796875
1e-06 2.715362548828125
1e-06 2.642425537109375
1e-06 2.51275634765625
1e-06 2.483795166015625
1e-06 2.79656982421875
1e-06 2.60760498046875
1e-06 2.659698486328125
1e-06 2.6097412109375
1e-06 2.60137939453125
1e-06 2.61004638671875
1e-06 2.50494384765625
1e-06 2.605926513671875
1e-06 2.5703125
1e-06 2.593902587890625
1e-06 2.564483642578125
1e-06 2.6927490234375
1e-06 2.778350830078125
1e-06 2.49957275390625
1e-06 2.6021728515625
1e-06 2.482208251953125
1e-06 2.704345703125
1e-06 2.645599365234375
1e-06 2.5693359375
1e-06 2.61798095703125
1e-06 2.676239013671875
1e-06 2.6075439453125
1e-06 2.60906982421875
1e-06 2.513031005859375
1e-06 2.573089599609375
1e-06 2.430572509765625
1e-06 2.611541748046875
1e-06 2.4971923828125
1e-06 2.76495361328125
1e-06 2.7056884765625
1e-06 2.510009765625
1e-06 2.3807373046875
1e-06 2.520599365234375
1e-06 2.515228271484375
1e-06 2.45458984375
1e-06 2.339630126953125
1e-06 2.338531494140625
1e-06 2.477142333984375
1e-06 2.588104248046875
1e-06 2.563140869140625
1e-06 2.481719970703125
1e-06 2.487701416015625
1e-06 2.6805419921875
1e-06 2.787872314453125
1e-06 2.353912353515625
1e-06 2.488433837890625
1e-06 2.6243896484375
1e-06 2.5341796875
1e-06 2.659210205078125
1e-06 2.498779296875
1e-06 2.483001708984375
1e-06 2.442901611328125
1e-06 2.4637451171875
1e-06 2.4947509765625
1e-06 2.7109375
1e-06 2.403289794921875
1e-06 2.406646728515625
1e-06 2.349517822265625
1e-06 2.480255126953125
1e-06 2.370086669921875
1e-06 2.33319091796875
1e-06 2.337982177734375
1e-06 2.671417236328125
1e-06 2.42437744140625
1e-06 2.44403076171875
1e-06 2.359161376953125
1e-06 2.507965087890625
1e-06 2.65057373046875
1e-06 2.34637451171875
1e-06 2.516143798828125
1e-06 2.469451904296875
1e-06 2.4305419921875
1e-06 2.38824462890625
1e-06 2.410675048828125
1e-06 2.408416748046875
1e-06 2.36114501953125
1e-06 2.3199462890625
1e-06 2.353729248046875
1e-06 2.474639892578125
1e-06 2.218414306640625
1e-06 2.39483642578125
1e-06 2.599609375
1e-06 2.34283447265625
1e-06 2.42816162109375
1e-06 2.5057373046875
1e-06 2.296356201171875
1e-06 2.482025146484375
1e-06 2.448974609375
1e-06 2.48773193359375
1e-06 2.351104736328125
1e-06 2.390350341796875
1e-06 2.4710693359375
1e-06 2.369720458984375
1e-06 2.42218017578125
1e-06 2.433197021484375
1e-06 2.32513427734375
1e-06 2.401824951171875
1e-06 2.366912841796875
1e-06 2.431396484375
1e-06 2.456878662109375
1e-06 2.303558349609375
1e-06 2.335357666015625
1e-06 2.1954345703125
1e-06 2.360076904296875
1e-06 2.433380126953125
1e-06 2.231353759765625
1e-06 2.491851806640625
1e-06 2.204864501953125
1e-06 2.05401611328125
1e-06 2.456787109375
1e-06 2.3291015625
1e-06 2.20892333984375
1e-06 2.5323486328125
1e-06 2.32269287109375
1e-06 2.10784912109375
1e-06 2.292816162109375
1e-06 2.517059326171875
1e-06 2.41156005859375
1e-06 2.2025146484375
1e-06 2.378204345703125
1e-06 2.25628662109375
1e-06 2.226226806640625
1e-06 2.20648193359375
1e-06 2.342254638671875
1e-06 2.331573486328125
1e-06 2.17803955078125
1e-06 2.385406494140625
1e-06 2.302032470703125
1e-06 2.15106201171875
1e-06 2.295166015625
1e-06 2.380584716796875
1e-06 2.1063232421875
1e-06 2.1748046875
1e-06 2.13616943359375
1e-06 2.363189697265625
1e-06 2.29034423828125
1e-06 2.30401611328125
1e-06 2.063385009765625
1e-06 2.101165771484375
1e-06 2.28143310546875
1e-06 2.369110107421875
1e-06 2.129608154296875
1e-06 2.136993408203125
1e-06 2.145477294921875
1e-06 2.362091064453125
1e-06 2.309600830078125
1e-06 2.401702880859375
1e-06 2.165374755859375
1e-06 1.984344482421875
1e-06 2.312896728515625
1e-06 2.1484375
1e-06 2.01123046875
1e-06 2.298553466796875
1e-06 2.127044677734375
1e-06 1.93035888671875
1e-06 1.996673583984375
1e-06 2.543426513671875
1e-06 2.415191650390625
1e-06 2.375457763671875
1e-06 2.234466552734375
1e-06 2.137054443359375
1e-06 2.394012451171875
1e-06 2.447357177734375
1e-06 2.272308349609375
1e-06 2.1693115234375
1e-06 2.186737060546875
1e-06 2.285552978515625
1e-06 2.2049560546875
1e-06 2.268951416015625
1e-06 2.3311767578125
1e-06 1.997955322265625
1e-06 2.1771240234375
1e-06 2.40374755859375
1e-06 2.45758056640625
1e-06 2.116912841796875
1e-06 2.42242431640625
1e-06 2.218719482421875
1e-06 2.38287353515625
1e-06 2.09222412109375
1e-06 2.35693359375
1e-06 2.090118408203125
1e-06 1.977142333984375
1e-06 2.395751953125
1e-06 2.204742431640625
1e-06 2.0965576171875
1e-06 2.229461669921875
1e-06 2.317840576171875
1e-06 2.223876953125
1e-06 2.045501708984375
1e-06 1.977935791015625
1e-06 2.1060791015625
1e-06 2.332275390625
1e-06 2.399627685546875
1e-06 2.235107421875
1e-06 2.343841552734375
1e-06 2.2008056640625
1e-06 2.299713134765625
1e-06 2.01031494140625
1e-06 2.126220703125
1e-06 2.060699462890625
1e-06 1.939544677734375
1e-06 2.204620361328125
1e-06 2.09613037109375
1e-06 1.977386474609375
1e-06 2.244384765625
1e-06 2.328948974609375
1e-06 2.254669189453125
1e-06 1.7896728515625
1e-06 2.482177734375
1e-06 2.156494140625
1e-06 2.1065673828125
1e-06 2.17730712890625
1e-06 2.1260986328125
1e-06 2.236053466796875
1e-06 1.980926513671875
1e-06 2.09332275390625
1e-06 1.91143798828125
1e-06 1.880706787109375
1e-06 2.0994873046875
1e-06 2.2080078125
1e-06 2.218902587890625
1e-06 2.21795654296875
1e-06 2.12054443359375
1e-06 2.2508544921875
1e-06 1.7332916259765625
1e-06 2.0350341796875
1e-06 1.996551513671875
1e-06 2.1180419921875
1e-06 2.08819580078125
1e-06 2.32073974609375
1e-06 2.19256591796875
1e-06 1.919097900390625
1e-06 1.9407958984375
1e-06 2.107025146484375
1e-06 2.046661376953125
1e-06 1.98858642578125
1e-06 1.9828033447265625
1e-06 1.909576416015625
1e-06 1.74884033203125
1e-06 2.198883056640625
1e-06 2.27142333984375
1e-06 1.905670166015625
1e-06 1.9547271728515625
1e-06 1.983154296875
1e-06 2.153076171875
1e-06 1.95269775390625
1e-06 2.15625
1e-06 2.24920654296875
1e-06 2.21826171875
1e-06 2.084503173828125
1e-06 2.054290771484375
1e-06 1.71484375
1e-06 1.83331298828125
1e-06 2.436309814453125
1e-06 1.96502685546875
1e-06 1.984588623046875
1e-06 1.9691162109375
1e-06 1.976104736328125
1e-06 1.934173583984375
1e-06 2.013885498046875
1e-06 2.287841796875
1e-06 2.347198486328125
1e-06 2.0460205078125
1e-06 2.031707763671875
1e-06 2.0117645263671875
1e-06 2.112518310546875
1e-06 1.85528564453125
1e-06 2.081878662109375
1e-06 1.7019500732421875
1e-06 1.91668701171875
1e-06 2.09027099609375
1e-06 2.104217529296875
1e-06 2.22998046875
1e-06 2.01068115234375
1e-06 1.962982177734375
1e-06 2.2435302734375
1e-06 2.066986083984375
1e-06 2.23199462890625
1e-06 1.9860076904296875
1e-06 2.261566162109375
1e-06 1.800262451171875
1e-06 1.9854736328125
1e-06 1.989593505859375
1e-06 2.031585693359375
1e-06 2.01275634765625
1e-06 1.9676513671875
1e-06 2.007598876953125
1e-06 1.7672882080078125
1e-06 1.764739990234375
1e-06 1.936859130859375
1e-06 2.1432342529296875
1e-06 2.080413818359375
1e-06 1.981475830078125
1e-06 2.1575164794921875
1e-06 1.94561767578125
1e-06 1.88970947265625
1e-06 1.983551025390625
1e-06 2.162994384765625
1e-06 2.402740478515625
1e-06 2.0207977294921875
1e-06 1.9207916259765625
1e-06 2.1346435546875
1e-06 1.90533447265625
1e-06 2.328826904296875
1e-06 1.9990386962890625
1e-06 2.2690582275390625
1e-06 1.91473388671875
1e-06 2.035247802734375
1e-06 2.02008056640625
1e-06 1.82293701171875
1e-06 2.0830078125
1e-06 1.766754150390625
1e-06 1.9407693147659302
4.9999999999999996e-06 2.1291046142578125
4.9999999999999996e-06 2.00274658203125
4.9999999999999996e-06 1.890289306640625
4.9999999999999996e-06 2.152130126953125
4.9999999999999996e-06 2.130615234375
4.9999999999999996e-06 1.964691162109375
4.9999999999999996e-06 1.97344970703125
4.9999999999999996e-06 2.10137939453125
4.9999999999999996e-06 2.244354248046875
4.9999999999999996e-06 1.793365478515625
4.9999999999999996e-06 2.11328125
4.9999999999999996e-06 2.167724609375
4.9999999999999996e-06 1.925445556640625
4.9999999999999996e-06 1.98333740234375
4.9999999999999996e-06 2.0521087646484375
4.9999999999999996e-06 2.158905029296875
4.9999999999999996e-06 1.95220947265625
4.9999999999999996e-06 2.084228515625
4.9999999999999996e-06 1.941864013671875
4.9999999999999996e-06 1.9547119140625
4.9999999999999996e-06 2.250762939453125
4.9999999999999996e-06 1.96563720703125
4.9999999999999996e-06 1.988677978515625
4.9999999999999996e-06 2.05645751953125
4.9999999999999996e-06 1.782196044921875
4.9999999999999996e-06 1.898712158203125
4.9999999999999996e-06 2.0521240234375
4.9999999999999996e-06 1.69366455078125
4.9999999999999996e-06 1.69024658203125
4.9999999999999996e-06 1.786407470703125
4.9999999999999996e-06 1.785186767578125
4.9999999999999996e-06 2.0980682373046875
4.9999999999999996e-06 1.7650604248046875
4.9999999999999996e-06 1.814910888671875
4.9999999999999996e-06 2.007904052734375
4.9999999999999996e-06 1.845855712890625
4.9999999999999996e-06 2.024993896484375
4.9999999999999996e-06 1.9327392578125
4.9999999999999996e-06 1.909088134765625
4.9999999999999996e-06 1.7920989990234375
4.9999999999999996e-06 2.049957275390625
4.9999999999999996e-06 2.293853759765625
4.9999999999999996e-06 1.9227294921875
4.9999999999999996e-06 2.107421875
4.9999999999999996e-06 1.77496337890625
4.9999999999999996e-06 2.3220367431640625
4.9999999999999996e-06 1.943328857421875
4.9999999999999996e-06 2.00701904296875
4.9999999999999996e-06 1.9632110595703125
4.9999999999999996e-06 2.12847900390625
4.9999999999999996e-06 1.803375244140625
4.9999999999999996e-06 1.9425506591796875
4.9999999999999996e-06 1.800445556640625
4.9999999999999996e-06 1.8819427490234375
4.9999999999999996e-06 1.786712646484375
4.9999999999999996e-06 2.1037139892578125
4.9999999999999996e-06 1.637939453125
4.9999999999999996e-06 2.2507781982421875
4.9999999999999996e-06 2.0628814697265625
4.9999999999999996e-06 1.7952423095703125
4.9999999999999996e-06 1.8696136474609375
4.9999999999999996e-06 1.8812255859375
4.9999999999999996e-06 1.69866943359375
4.9999999999999996e-06 1.838623046875
4.9999999999999996e-06 1.624237060546875
4.9999999999999996e-06 1.665069580078125
4.9999999999999996e-06 1.8295135498046875
4.9999999999999996e-06 2.035888671875
4.9999999999999996e-06 2.04541015625
4.9999999999999996e-06 1.826416015625
4.9999999999999996e-06 1.8665618896484375
4.9999999999999996e-06 2.066802978515625
4.9999999999999996e-06 2.1785888671875
4.9999999999999996e-06 1.644317626953125
4.9999999999999996e-06 1.84375
4.9999999999999996e-06 2.3710479736328125
4.9999999999999996e-06 2.1683197021484375
4.9999999999999996e-06 2.2362823486328125
4.9999999999999996e-06 2.0796356201171875
4.9999999999999996e-06 1.8557586669921875
4.9999999999999996e-06 1.753753662109375
4.9999999999999996e-06 2.15771484375
4.9999999999999996e-06 2.0472869873046875
4.9999999999999996e-06 2.3200836181640625
4.9999999999999996e-06 1.899200439453125
4.9999999999999996e-06 1.9099578857421875
4.9999999999999996e-06 1.885467529296875
4.9999999999999996e-06 1.9302978515625
4.9999999999999996e-06 1.7752838134765625
4.9999999999999996e-06 1.7835693359375
4.9999999999999996e-06 1.8712921142578125
4.9999999999999996e-06 1.99774169921875
4.9999999999999996e-06 1.88861083984375
4.9999999999999996e-06 1.848785400390625
4.9999999999999996e-06 1.9945831298828125
4.9999999999999996e-06 1.918914794921875
4.9999999999999996e-06 2.0510711669921875
4.9999999999999996e-06 1.70245361328125
4.9999999999999996e-06 1.96832275390625
4.9999999999999996e-06 1.98974609375
4.9999999999999996e-06 1.7840118408203125
4.9999999999999996e-06 1.6904144287109375
4.9999999999999996e-06 1.958465576171875
4.9999999999999996e-06 1.8244476318359375
4.9999999999999996e-06 1.775115966796875
4.9999999999999996e-06 1.826904296875
4.9999999999999996e-06 2.098114013671875
4.9999999999999996e-06 2.07989501953125
4.9999999999999996e-06 1.88189697265625
4.9999999999999996e-06 1.928802490234375
4.9999999999999996e-06 2.01025390625
4.9999999999999996e-06 1.790313720703125
4.9999999999999996e-06 1.957366943359375
4.9999999999999996e-06 1.942535400390625
4.9999999999999996e-06 1.7871551513671875
4.9999999999999996e-06 1.938629150390625
4.9999999999999996e-06 2.038848876953125
4.9999999999999996e-06 2.084197998046875
4.9999999999999996e-06 1.9536895751953125
4.9999999999999996e-06 1.8743896484375
4.9999999999999996e-06 2.09521484375
4.9999999999999996e-06 1.7393341064453125
4.9999999999999996e-06 2.090728759765625
4.9999999999999996e-06 1.96173095703125
4.9999999999999996e-06 2.000701904296875
4.9999999999999996e-06 2.3375244140625
4.9999999999999996e-06 1.8581390380859375
4.9999999999999996e-06 2.125518798828125
4.9999999999999996e-06 2.329315185546875
4.9999999999999996e-06 1.903778076171875
4.9999999999999996e-06 1.8349761962890625
4.9999999999999996e-06 1.724365234375
4.9999999999999996e-06 1.958740234375
4.9999999999999996e-06 2.0694427490234375
4.9999999999999996e-06 1.79400634765625
4.9999999999999996e-06 2.1551055908203125
4.9999999999999996e-06 1.694244384765625
4.9999999999999996e-06 1.635589599609375
4.9999999999999996e-06 2.20135498046875
4.9999999999999996e-06 1.8456268310546875
4.9999999999999996e-06 1.7342376708984375
4.9999999999999996e-06 2.23577880859375
4.9999999999999996e-06 2.021820068359375
4.9999999999999996e-06 1.5543975830078125
4.9999999999999996e-06 1.7879180908203125
4.9999999999999996e-06 2.19329833984375
4.9999999999999996e-06 2.059051513671875
4.9999999999999996e-06 1.8443450927734375
4.9999999999999996e-06 2.041778564453125
4.9999999999999996e-06 1.972503662109375
4.9999999999999996e-06 1.8750457763671875
4.9999999999999996e-06 1.8034515380859375
4.9999999999999996e-06 1.8865814208984375
4.9999999999999996e-06 1.911773681640625
4.9999999999999996e-06 1.72381591796875
4.9999999999999996e-06 2.05633544921875
4.9999999999999996e-06 1.8614654541015625
4.9999999999999996e-06 1.861572265625
4.9999999999999996e-06 1.9641876220703125
4.9999999999999996e-06 1.9619293212890625
4.9999999999999996e-06 1.575103759765625
4.9999999999999996e-06 1.8056488037109375
4.9999999999999996e-06 1.633636474609375
4.9999999999999996e-06 1.996063232421875
4.9999999999999996e-06 1.88336181640625
4.9999999999999996e-06 1.873870849609375
4.9999999999999996e-06 1.5873260498046875
4.9999999999999996e-06 1.6146697998046875
4.9999999999999996e-06 1.90631103515625
4.9999999999999996e-06 2.2279510498046875
4.9999999999999996e-06 1.7843017578125
4.9999999999999996e-06 1.7847900390625
4.9999999999999996e-06 1.711639404296875
4.9999999999999996e-06 2.1888427734375
4.9999999999999996e-06 1.9064483642578125
4.9999999999999996e-06 2.1031341552734375
4.9999999999999996e-06 1.7404632568359375
4.9999999999999996e-06 1.57183837890625
4.9999999999999996e-06 2.04705810546875
4.9999999999999996e-06 1.7460479736328125
4.9999999999999996e-06 1.631591796875
4.9999999999999996e-06 1.9783172607421875
4.9999999999999996e-06 1.7184906005859375
4.9999999999999996e-06 1.622650146484375
4.9999999999999996e-06 1.628082275390625
4.9999999999999996e-06 2.3725433349609375
4.9999999999999996e-06 2.16680908203125
4.9999999999999996e-06 2.074737548828125
4.9999999999999996e-06 1.962371826171875
4.9999999999999996e-06 1.7193603515625
4.9999999999999996e-06 2.1160430908203125
4.9999999999999996e-06 2.1179962158203125
4.9999999999999996e-06 1.9471588134765625
4.9999999999999996e-06 1.88055419921875
4.9999999999999996e-06 1.88983154296875
4.9999999999999996e-06 1.83258056640625
4.9999999999999996e-06 1.961273193359375
4.9999999999999996e-06 2.01336669921875
4.9999999999999996e-06 2.018798828125
4.9999999999999996e-06 1.709075927734375
4.9999999999999996e-06 1.884552001953125
4.9999999999999996e-06 1.979644775390625
4.9999999999999996e-06 2.248443603515625
4.9999999999999996e-06 1.8903350830078125
4.9999999999999996e-06 2.00732421875
4.9999999999999996e-06 1.863861083984375
4.9999999999999996e-06 2.143096923828125
4.9999999999999996e-06 1.6545562744140625
4.9999999999999996e-06 2.23785400390625
4.9999999999999996e-06 1.8050537109375
4.9999999999999996e-06 1.5760955810546875
4.9999999999999996e-06 2.161346435546875
4.9999999999999996e-06 1.976806640625
4.9999999999999996e-06 1.881256103515625
4.9999999999999996e-06 1.938873291015625
4.9999999999999996e-06 2.12451171875
4.9999999999999996e-06 1.9192047119140625
4.9999999999999996e-06 1.6908721923828125
4.9999999999999996e-06 1.6917724609375
4.9999999999999996e-06 1.7958984375
4.9999999999999996e-06 2.092193603515625
4.9999999999999996e-06 2.1335296630859375
4.9999999999999996e-06 2.0362701416015625
4.9999999999999996e-06 2.009490966796875
4.9999999999999996e-06 1.94610595703125
4.9999999999999996e-06 2.113494873046875
4.9999999999999996e-06 1.6799468994140625
4.9999999999999996e-06 1.8870849609375
4.9999999999999996e-06 1.7923583984375
4.9999999999999996e-06 1.688690185546875
4.9999999999999996e-06 1.982574462890625
4.9999999999999996e-06 1.760772705078125
4.9999999999999996e-06 1.6362152099609375
4.9999999999999996e-06 2.02178955078125
4.9999999999999996e-06 2.07427978515625
4.9999999999999996e-06 1.9471893310546875
4.9999999999999996e-06 1.513946533203125
4.9999999999999996e-06 2.168243408203125
4.9999999999999996e-06 1.8929901123046875
4.9999999999999996e-06 1.8905029296875
4.9999999999999996e-06 1.91644287109375
4.9999999999999996e-06 2.031158447265625
4.9999999999999996e-06 1.9423370361328125
4.9999999999999996e-06 1.6984710693359375
4.9999999999999996e-06 1.9035491943359375
4.9999999999999996e-06 1.6584625244140625
4.9999999999999996e-06 1.742919921875
4.9999999999999996e-06 1.8148345947265625
4.9999999999999996e-06 1.963134765625
4.9999999999999996e-06 2.0317535400390625
4.9999999999999996e-06 1.93023681640625
4.9999999999999996e-06 1.679962158203125
4.9999999999999996e-06 1.92364501953125
4.9999999999999996e-06 1.5291595458984375
4.9999999999999996e-06 1.793853759765625
4.9999999999999996e-06 1.6605224609375
4.9999999999999996e-06 1.77581787109375
4.9999999999999996e-06 1.7896881103515625
4.9999999999999996e-06 2.1298370361328125
4.9999999999999996e-06 1.867828369140625
4.9999999999999996e-06 1.568267822265625
4.9999999999999996e-06 1.774993896484375
4.9999999999999996e-06 1.88543701171875
4.9999999999999996e-06 1.743743896484375
4.9999999999999996e-06 1.7802734375
4.9999999999999996e-06 1.70947265625
4.9999999999999996e-06 1.677825927734375
4.9999999999999996e-06 1.467620849609375
4.9999999999999996e-06 1.9780731201171875
4.9999999999999996e-06 2.0118255615234375
4.9999999999999996e-06 1.7541961669921875
4.9999999999999996e-06 1.8930816650390625
4.9999999999999996e-06 1.9473724365234375
4.9999999999999996e-06 2.0747528076171875
4.9999999999999996e-06 1.692535400390625
4.9999999999999996e-06 1.8908538818359375
4.9999999999999996e-06 2.01092529296875
4.9999999999999996e-06 2.04522705078125
4.9999999999999996e-06 1.7608489990234375
4.9999999999999996e-06 1.85479736328125
4.9999999999999996e-06 1.5372314453125
4.9999999999999996e-06 1.692108154296875
4.9999999999999996e-06 2.2704315185546875
4.9999999999999996e-06 1.790191650390625
4.9999999999999996e-06 1.7507476806640625
4.9999999999999996e-06 1.6427001953125
4.9999999999999996e-06 1.76214599609375
4.9999999999999996e-06 1.727752685546875
4.9999999999999996e-06 1.79388427734375
4.9999999999999996e-06 2.1817779541015625
4.9999999999999996e-06 2.1401519775390625
4.9999999999999996e-06 1.772796630859375
4.9999999999999996e-06 1.750030517578125
4.9999999999999996e-06 1.784271240234375
4.9999999999999996e-06 1.9346160888671875
4.9999999999999996e-06 1.638336181640625
4.9999999999999996e-06 1.74346923828125
4.9999999999999996e-06 1.4249725341796875
4.9999999999999996e-06 1.7818756103515625
4.9999999999999996e-06 1.8946685791015625
4.9999999999999996e-06 1.9027862548828125
4.9999999999999996e-06 2.195159912109375
4.9999999999999996e-06 1.789794921875
4.9999999999999996e-06 1.7105865478515625
4.9999999999999996e-06 2.128082275390625
4.9999999999999996e-06 1.8148956298828125
4.9999999999999996e-06 2.01165771484375
4.9999999999999996e-06 1.7661285400390625
4.9999999999999996e-06 1.914520263671875
4.9999999999999996e-06 1.5003662109375
4.9999999999999996e-06 1.834808349609375
4.9999999999999996e-06 1.844085693359375
4.9999999999999996e-06 1.761322021484375
4.9999999999999996e-06 1.7694091796875
4.9999999999999996e-06 1.7381439208984375
4.9999999999999996e-06 1.772705078125
4.9999999999999996e-06 1.62506103515625
4.9999999999999996e-06 1.5099029541015625
4.9999999999999996e-06 1.624176025390625
4.9999999999999996e-06 1.9164886474609375
4.9999999999999996e-06 1.8766632080078125
4.9999999999999996e-06 1.8060760498046875
4.9999999999999996e-06 1.95562744140625
4.9999999999999996e-06 1.750396728515625
4.9999999999999996e-06 1.6920928955078125
4.9999999999999996e-06 1.74444580078125
4.9999999999999996e-06 1.921173095703125
4.9999999999999996e-06 2.3166961669921875
4.9999999999999996e-06 1.802581787109375
4.9999999999999996e-06 1.78509521484375
4.9999999999999996e-06 1.8703155517578125
4.9999999999999996e-06 1.64166259765625
4.9999999999999996e-06 2.1071624755859375
4.9999999999999996e-06 1.7420806884765625
4.9999999999999996e-06 2.2913360595703125
4.9999999999999996e-06 1.7199249267578125
4.9999999999999996e-06 1.8802337646484375
4.9999999999999996e-06 1.8545074462890625
4.9999999999999996e-06 1.5614776611328125
4.9999999999999996e-06 1.845916748046875
4.9999999999999996e-06 1.6467437744140625
4.9999999999999996e-06 1.7657736539840698
2.4999999999999998e-05 1.9582366943359375
2.4999999999999998e-05 1.8933258056640625
2.4999999999999998e-05 1.7505035400390625
2.4999999999999998e-05 1.9927978515625
2.4999999999999998e-05 1.9840087890625
2.4999999999999998e-05 1.8154144287109375
2.4999999999999998e-05 1.7231597900390625
2.4999999999999998e-05 1.914031982421875
2.4999999999999998e-05 2.0443572998046875
2.4999999999999998e-05 1.545623779296875
2.4999999999999998e-05 2.0748291015625
2.4999999999999998e-05 1.9774627685546875
2.4999999999999998e-05 1.6732330322265625
2.4999999999999998e-05 1.8347930908203125
2.4999999999999998e-05 1.863861083984375
2.4999999999999998e-05 1.98272705078125
2.4999999999999998e-05 1.9201202392578125
2.4999999999999998e-05 2.009765625
2.4999999999999998e-05 1.800201416015625
2.4999999999999998e-05 1.9151611328125
2.4999999999999998e-05 2.242950439453125
2.4999999999999998e-05 1.87005615234375
2.4999999999999998e-05 1.8614501953125
2.4999999999999998e-05 1.9806060791015625
2.4999999999999998e-05 1.70172119140625
2.4999999999999998e-05 1.6396942138671875
2.4999999999999998e-05 1.9517822265625
2.4999999999999998e-05 1.584320068359375
2.4999999999999998e-05 1.54595947265625
2.4999999999999998e-05 1.731842041015625
2.4999999999999998e-05 1.7068328857421875
2.4999999999999998e-05 2.0163726806640625
2.4999999999999998e-05 1.715545654296875
2.4999999999999998e-05 1.72509765625
2.4999999999999998e-05 1.9828338623046875
2.4999999999999998e-05 1.693115234375
2.4999999999999998e-05 1.9043121337890625
2.4999999999999998e-05 1.808380126953125
2.4999999999999998e-05 1.91973876953125
2.4999999999999998e-05 1.68524169921875
2.4999999999999998e-05 1.95013427734375
2.4999999999999998e-05 2.28997802734375
2.4999999999999998e-05 1.776641845703125
2.4999999999999998e-05 2.0100555419921875
2.4999999999999998e-05 1.6519317626953125
2.4999999999999998e-05 2.2698974609375
2.4999999999999998e-05 1.865386962890625
2.4999999999999998e-05 1.912139892578125
2.4999999999999998e-05 1.8350067138671875
2.4999999999999998e-05 1.9448699951171875
2.4999999999999998e-05 1.7493896484375
2.4999999999999998e-05 1.81866455078125
2.4999999999999998e-05 1.7103271484375
2.4999999999999998e-05 1.808868408203125
2.4999999999999998e-05 1.693145751953125
2.4999999999999998e-05 2.02301025390625
2.4999999999999998e-05 1.55999755859375
2.4999999999999998e-05 2.11517333984375
2.4999999999999998e-05 1.95294189453125
2.4999999999999998e-05 1.686279296875
2.4999999999999998e-05 1.8056488037109375
2.4999999999999998e-05 1.74151611328125
2.4999999999999998e-05 1.564910888671875
2.4999999999999998e-05 1.916595458984375
2.4999999999999998e-05 1.486358642578125
2.4999999999999998e-05 1.639404296875
2.4999999999999998e-05 1.84039306640625
2.4999999999999998e-05 1.9081573486328125
2.4999999999999998e-05 1.9878387451171875
2.4999999999999998e-05 1.8706512451171875
2.4999999999999998e-05 1.8148956298828125
2.4999999999999998e-05 1.9363861083984375
2.4999999999999998e-05 2.1001129150390625
2.4999999999999998e-05 1.6221160888671875
2.4999999999999998e-05 1.7451629638671875
2.4999999999999998e-05 2.3199615478515625
2.4999999999999998e-05 2.1283721923828125
2.4999999999999998e-05 2.245208740234375
2.4999999999999998e-05 2.0166015625
2.4999999999999998e-05 1.7407684326171875
2.4999999999999998e-05 1.75653076171875
2.4999999999999998e-05 2.11773681640625
2.4999999999999998e-05 1.989349365234375
2.4999999999999998e-05 2.3287353515625
2.4999999999999998e-05 1.783477783203125
2.4999999999999998e-05 1.8812255859375
2.4999999999999998e-05 1.917144775390625
2.4999999999999998e-05 1.94647216796875
2.4999999999999998e-05 1.70648193359375
2.4999999999999998e-05 1.680877685546875
2.4999999999999998e-05 1.8134765625
2.4999999999999998e-05 2.0067138671875
2.4999999999999998e-05 1.82489013671875
2.4999999999999998e-05 1.717620849609375
2.4999999999999998e-05 1.9615631103515625
2.4999999999999998e-05 1.9227752685546875
2.4999999999999998e-05 1.956024169921875
2.4999999999999998e-05 1.65386962890625
2.4999999999999998e-05 1.8973236083984375
2.4999999999999998e-05 1.978363037109375
2.4999999999999998e-05 1.777862548828125
2.4999999999999998e-05 1.632476806640625
2.4999999999999998e-05 1.817474365234375
2.4999999999999998e-05 1.7389068603515625
2.4999999999999998e-05 1.6861419677734375
2.4999999999999998e-05 1.6912994384765625
2.4999999999999998e-05 1.9929656982421875
2.4999999999999998e-05 2.0128173828125
2.4999999999999998e-05 1.84222412109375
2.4999999999999998e-05 1.9613037109375
2.4999999999999998e-05 1.87664794921875
2.4999999999999998e-05 1.7069091796875
2.4999999999999998e-05 1.902618408203125
2.4999999999999998e-05 1.842010498046875
2.4999999999999998e-05 1.7394866943359375
2.4999999999999998e-05 1.869384765625
2.4999999999999998e-05 1.928436279296875
2.4999999999999998e-05 1.980621337890625
2.4999999999999998e-05 1.910980224609375
2.4999999999999998e-05 1.8688507080078125
2.4999999999999998e-05 2.1181488037109375
2.4999999999999998e-05 1.7005462646484375
2.4999999999999998e-05 2.141082763671875
2.4999999999999998e-05 1.902923583984375
2.4999999999999998e-05 1.932525634765625
2.4999999999999998e-05 2.28369140625
2.4999999999999998e-05 1.8827362060546875
2.4999999999999998e-05 2.02880859375
2.4999999999999998e-05 2.214324951171875
2.4999999999999998e-05 1.854766845703125
2.4999999999999998e-05 1.8586273193359375
2.4999999999999998e-05 1.6826934814453125
2.4999999999999998e-05 1.8221282958984375
2.4999999999999998e-05 1.9475555419921875
2.4999999999999998e-05 1.7584686279296875
2.4999999999999998e-05 2.22845458984375
2.4999999999999998e-05 1.674591064453125
2.4999999999999998e-05 1.577728271484375
2.4999999999999998e-05 1.992279052734375
2.4999999999999998e-05 1.820953369140625
2.4999999999999998e-05 1.682403564453125
2.4999999999999998e-05 2.075286865234375
2.4999999999999998e-05 1.906707763671875
2.4999999999999998e-05 1.479278564453125
2.4999999999999998e-05 1.7501068115234375
2.4999999999999998e-05 2.123748779296875
2.4999999999999998e-05 1.99810791015625
2.4999999999999998e-05 1.748779296875
2.4999999999999998e-05 2.0550537109375
2.4999999999999998e-05 1.8628082275390625
2.4999999999999998e-05 1.923431396484375
2.4999999999999998e-05 1.72979736328125
2.4999999999999998e-05 1.90679931640625
2.4999999999999998e-05 1.8179473876953125
2.4999999999999998e-05 1.6548614501953125
2.4999999999999998e-05 1.9594268798828125
2.4999999999999998e-05 1.8922119140625
2.4999999999999998e-05 1.7776031494140625
2.4999999999999998e-05 1.89093017578125
2.4999999999999998e-05 1.9403839111328125
2.4999999999999998e-05 1.504913330078125
2.4999999999999998e-05 1.7342071533203125
2.4999999999999998e-05 1.526092529296875
2.4999999999999998e-05 1.9171142578125
2.4999999999999998e-05 1.877197265625
2.4999999999999998e-05 1.846221923828125
2.4999999999999998e-05 1.484466552734375
2.4999999999999998e-05 1.6360015869140625
2.4999999999999998e-05 1.8045196533203125
2.4999999999999998e-05 2.2413177490234375
2.4999999999999998e-05 1.67425537109375
2.4999999999999998e-05 1.735504150390625
2.4999999999999998e-05 1.7139129638671875
2.4999999999999998e-05 2.1213226318359375
2.4999999999999998e-05 1.817108154296875
2.4999999999999998e-05 2.0413818359375
2.4999999999999998e-05 1.7674560546875
2.4999999999999998e-05 1.5537109375
2.4999999999999998e-05 2.0711822509765625
2.4999999999999998e-05 1.6883544921875
2.4999999999999998e-05 1.6319580078125
2.4999999999999998e-05 1.95892333984375
2.4999999999999998e-05 1.6212310791015625
2.4999999999999998e-05 1.6358642578125
2.4999999999999998e-05 1.531494140625
2.4999999999999998e-05 2.231658935546875
2.4999999999999998e-05 2.1207122802734375
2.4999999999999998e-05 2.1265869140625
2.4999999999999998e-05 1.9689788818359375
2.4999999999999998e-05 1.647552490234375
2.4999999999999998e-05 1.923858642578125
2.4999999999999998e-05 2.0175323486328125
2.4999999999999998e-05 1.9006805419921875
2.4999999999999998e-05 1.8381500244140625
2.4999999999999998e-05 1.911102294921875
2.4999999999999998e-05 1.74884033203125
2.4999999999999998e-05 2.0130157470703125
2.4999999999999998e-05 2.01373291015625
2.4999999999999998e-05 1.946197509765625
2.4999999999999998e-05 1.750732421875
2.4999999999999998e-05 1.81396484375
2.4999999999999998e-05 1.8869171142578125
2.4999999999999998e-05 2.194671630859375
2.4999999999999998e-05 1.834991455078125
2.4999999999999998e-05 1.96484375
2.4999999999999998e-05 1.699493408203125
2.4999999999999998e-05 1.992767333984375
2.4999999999999998e-05 1.620452880859375
2.4999999999999998e-05 2.147125244140625
2.4999999999999998e-05 1.73468017578125
2.4999999999999998e-05 1.4967803955078125
2.4999999999999998e-05 2.03240966796875
2.4999999999999998e-05 1.881591796875
2.4999999999999998e-05 1.867401123046875
2.4999999999999998e-05 1.8805084228515625
2.4999999999999998e-05 2.112060546875
2.4999999999999998e-05 1.7966766357421875
2.4999999999999998e-05 1.5971527099609375
2.4999999999999998e-05 1.6168060302734375
2.4999999999999998e-05 1.7029571533203125
2.4999999999999998e-05 2.01190185546875
2.4999999999999998e-05 2.1121063232421875
2.4999999999999998e-05 2.02142333984375
2.4999999999999998e-05 1.9403076171875
2.4999999999999998e-05 1.9141845703125
2.4999999999999998e-05 2.0231781005859375
2.4999999999999998e-05 1.6335601806640625
2.4999999999999998e-05 1.866455078125
2.4999999999999998e-05 1.6950531005859375
2.4999999999999998e-05 1.62158203125
2.4999999999999998e-05 1.902252197265625
2.4999999999999998e-05 1.71771240234375
2.4999999999999998e-05 1.5991058349609375
2.4999999999999998e-05 2.0431365966796875
2.4999999999999998e-05 1.973236083984375
2.4999999999999998e-05 1.8477630615234375
2.4999999999999998e-05 1.420318603515625
2.4999999999999998e-05 2.172607421875
2.4999999999999998e-05 1.868865966796875
2.4999999999999998e-05 1.884307861328125
2.4999999999999998e-05 1.878753662109375
2.4999999999999998e-05 2.005279541015625
2.4999999999999998e-05 1.91778564453125
2.4999999999999998e-05 1.6152801513671875
2.4999999999999998e-05 1.8468475341796875
2.4999999999999998e-05 1.6487274169921875
2.4999999999999998e-05 1.52215576171875
2.4999999999999998e-05 1.78936767578125
2.4999999999999998e-05 1.8737640380859375
2.4999999999999998e-05 1.977813720703125
2.4999999999999998e-05 1.84893798828125
2.4999999999999998e-05 1.666015625
2.4999999999999998e-05 1.920257568359375
2.4999999999999998e-05 1.3892669677734375
2.4999999999999998e-05 1.6435699462890625
2.4999999999999998e-05 1.66937255859375
2.4999999999999998e-05 1.7461395263671875
2.4999999999999998e-05 1.696746826171875
2.4999999999999998e-05 1.9947357177734375
2.4999999999999998e-05 1.7494354248046875
2.4999999999999998e-05 1.5546417236328125
2.4999999999999998e-05 1.6605377197265625
2.4999999999999998e-05 1.7392120361328125
2.4999999999999998e-05 1.5920562744140625
2.4999999999999998e-05 1.681976318359375
2.4999999999999998e-05 1.5692901611328125
2.4999999999999998e-05 1.8220062255859375
2.4999999999999998e-05 1.5094146728515625
2.4999999999999998e-05 1.9051513671875
2.4999999999999998e-05 2.0130462646484375
2.4999999999999998e-05 1.6382598876953125
2.4999999999999998e-05 1.8132171630859375
2.4999999999999998e-05 1.9708709716796875
2.4999999999999998e-05 2.0064697265625
2.4999999999999998e-05 1.687835693359375
2.4999999999999998e-05 1.7812347412109375
2.4999999999999998e-05 1.9720611572265625
2.4999999999999998e-05 2.0211029052734375
2.4999999999999998e-05 1.6444244384765625
2.4999999999999998e-05 1.8546905517578125
2.4999999999999998e-05 1.4873504638671875
2.4999999999999998e-05 1.5715484619140625
2.4999999999999998e-05 2.216033935546875
2.4999999999999998e-05 1.8277130126953125
2.4999999999999998e-05 1.7715301513671875
2.4999999999999998e-05 1.5160980224609375
2.4999999999999998e-05 1.6923675537109375
2.4999999999999998e-05 1.65655517578125
2.4999999999999998e-05 1.748779296875
2.4999999999999998e-05 2.1142425537109375
2.4999999999999998e-05 2.00469970703125
2.4999999999999998e-05 1.659912109375
2.4999999999999998e-05 1.7071990966796875
2.4999999999999998e-05 1.68951416015625
2.4999999999999998e-05 1.771636962890625
2.4999999999999998e-05 1.47674560546875
2.4999999999999998e-05 1.7351837158203125
2.4999999999999998e-05 1.435028076171875
2.4999999999999998e-05 1.734100341796875
2.4999999999999998e-05 1.832794189453125
2.4999999999999998e-05 1.795379638671875
2.4999999999999998e-05 1.986572265625
2.4999999999999998e-05 1.65142822265625
2.4999999999999998e-05 1.59722900390625
2.4999999999999998e-05 1.955413818359375
2.4999999999999998e-05 1.660888671875
2.4999999999999998e-05 1.9437103271484375
2.4999999999999998e-05 1.76202392578125
2.4999999999999998e-05 1.8231964111328125
2.4999999999999998e-05 1.435577392578125
2.4999999999999998e-05 1.80328369140625
2.4999999999999998e-05 1.8670654296875
2.4999999999999998e-05 1.64990234375
2.4999999999999998e-05 1.7275848388671875
2.4999999999999998e-05 1.630828857421875
2.4999999999999998e-05 1.6226348876953125
2.4999999999999998e-05 1.5190277099609375
2.4999999999999998e-05 1.4821624755859375
2.4999999999999998e-05 1.5546875
2.4999999999999998e-05 1.7898406982421875
2.4999999999999998e-05 1.781402587890625
2.4999999999999998e-05 1.6286468505859375
2.4999999999999998e-05 1.77008056640625
2.4999999999999998e-05 1.604461669921875
2.4999999999999998e-05 1.5563812255859375
2.4999999999999998e-05 1.6053009033203125
2.4999999999999998e-05 1.737152099609375
2.4999999999999998e-05 2.102996826171875
2.4999999999999998e-05 1.7317657470703125
2.4999999999999998e-05 1.7570343017578125
2.4999999999999998e-05 1.6353759765625
2.4999999999999998e-05 1.5679779052734375
2.4999999999999998e-05 1.982025146484375
2.4999999999999998e-05 1.6027374267578125
2.4999999999999998e-05 2.1883087158203125
2.4999999999999998e-05 1.65240478515625
2.4999999999999998e-05 1.7999420166015625
2.4999999999999998e-05 1.7142333984375
2.4999999999999998e-05 1.41827392578125
2.4999999999999998e-05 1.666534423828125
2.4999999999999998e-05 1.4051971435546875
2.4999999999999998e-05 1.5863621234893799
0.000125 1.8181610107421875
0.000125 1.6810302734375
0.000125 1.7180328369140625
0.000125 1.9988250732421875
0.000125 2.0243682861328125
0.000125 1.6085968017578125
0.000125 1.51739501953125
0.000125 1.7113189697265625
0.000125 1.7652130126953125
0.000125 1.534912109375
0.000125 2.055908203125
0.000125 1.7428741455078125
0.000125 1.79522705078125
0.000125 1.8775787353515625
0.000125 1.672210693359375
0.000125 1.5894775390625
0.000125 1.746124267578125
0.000125 1.842620849609375
0.000125 1.5127182006835938
0.000125 1.5968475341796875
0.000125 1.9983978271484375
0.000125 1.4322509765625
0.000125 1.53424072265625
0.000125 1.6665496826171875
0.000125 1.3575363159179688
0.000125 1.1805267333984375
0.000125 1.5750885009765625
0.000125 1.3139801025390625
0.000125 1.1488723754882812
0.000125 1.5495986938476562
0.000125 1.407623291015625
0.000125 1.6426239013671875
0.000125 1.1417465209960938
0.000125 1.7276687622070312
0.000125 1.8659553527832031
0.000125 1.2685546875
0.000125 1.990966796875
0.000125 2.0837326049804688
0.000125 1.6635589599609375
0.000125 1.18524169921875
0.000125 1.3412322998046875
0.000125 1.732269287109375
0.000125 1.4509735107421875
0.000125 1.6088180541992188
0.000125 1.123779296875
0.000125 1.8982696533203125
0.000125 1.4875106811523438
0.000125 1.30859375
0.000125 1.2873764038085938
0.000125 1.4113540649414062
0.000125 1.321929931640625
0.000125 1.2601852416992188
0.000125 1.261322021484375
0.000125 1.1973190307617188
0.000125 1.25811767578125
0.000125 1.2274169921875
0.000125 0.9976119995117188
0.000125 1.5113449096679688
0.000125 1.1944046020507812
0.000125 1.09765625
0.000125 1.2313499450683594
0.000125 1.167510986328125
0.000125 0.9799652099609375
0.000125 1.387481689453125
0.000125 1.0284347534179688
0.000125 0.9945716857910156
0.000125 0.906494140625
0.000125 1.4642829895019531
0.000125 1.5018463134765625
0.000125 1.1518936157226562
0.000125 1.5069656372070312
0.000125 1.1181373596191406
0.000125 1.1972427368164062
0.000125 1.6235885620117188
0.000125 1.0965194702148438
0.000125 2.460174560546875
0.000125 2.4390869140625
0.000125 1.4695510864257812
0.000125 2.1231765747070312
0.000125 1.5848007202148438
0.000125 1.330841064453125
0.000125 1.6946563720703125
0.000125 2.1846771240234375
0.000125 2.0594940185546875
0.000125 1.2597732543945312
0.000125 1.6917724609375
0.000125 1.437408447265625
0.000125 1.3390045166015625
0.000125 1.0280609130859375
0.000125 1.4367141723632812
0.000125 1.5173797607421875
0.000125 1.3891143798828125
0.000125 1.388946533203125
0.000125 1.7645721435546875
0.000125 1.842376708984375
0.000125 1.4121170043945312
0.000125 1.257293701171875
0.000125 1.5956497192382812
0.000125 1.884735107421875
0.000125 1.757171630859375
0.000125 1.1402435302734375
0.000125 1.1258544921875
0.000125 1.5467758178710938
0.000125 1.2271652221679688
0.000125 1.1031150817871094
0.000125 1.1343231201171875
0.000125 1.3708343505859375
0.000125 1.3211288452148438
0.000125 1.4017791748046875
0.000125 1.3749542236328125
0.000125 1.3767471313476562
0.000125 1.2936782836914062
0.000125 1.3387374877929688
0.000125 1.348846435546875
0.000125 1.1756362915039062
0.000125 1.1498947143554688
0.000125 1.2725143432617188
0.000125 1.363677978515625
0.000125 1.2024612426757812
0.000125 1.2781524658203125
0.000125 1.1866912841796875
0.000125 1.0129661560058594
0.000125 1.5377044677734375
0.000125 1.3925056457519531
0.000125 1.3739547729492188
0.000125 1.7988967895507812
0.000125 1.2127609252929688
0.000125 1.0810737609863281
0.000125 1.264801025390625
0.000125 1.3137664794921875
0.000125 0.9179458618164062
0.000125 1.0286598205566406
0.000125 1.2809944152832031
0.000125 1.1783065795898438
0.000125 1.124420166015625
0.000125 1.4539871215820312
0.000125 0.942535400390625
0.000125 0.7358627319335938
0.000125 1.4139823913574219
0.000125 0.9734039306640625
0.000125 0.8603973388671875
0.000125 1.0557594299316406
0.000125 1.4789848327636719
0.000125 0.8441085815429688
0.000125 1.1112289428710938
0.000125 1.3310890197753906
0.000125 1.7666778564453125
0.000125 1.4048690795898438
0.000125 1.3780364990234375
0.000125 1.3531551361083984
0.000125 1.3862342834472656
0.000125 1.0863685607910156
0.000125 1.181976318359375
0.000125 1.1290817260742188
0.000125 1.1128005981445312
0.000125 1.1496353149414062
0.000125 1.2017440795898438
0.000125 1.2555770874023438
0.000125 1.2179832458496094
0.000125 0.9934005737304688
0.000125 0.9464702606201172
0.000125 1.1528739929199219
0.000125 0.6249656677246094
0.000125 1.144866943359375
0.000125 1.0964508056640625
0.000125 1.1230888366699219
0.000125 0.9248542785644531
0.000125 1.3276824951171875
0.000125 1.0875778198242188
0.000125 1.5367164611816406
0.000125 1.1415176391601562
0.000125 1.2011337280273438
0.000125 0.9046592712402344
0.000125 1.2881126403808594
0.000125 1.3650741577148438
0.000125 1.6142692565917969
0.000125 1.2335090637207031
0.000125 1.0491409301757812
0.000125 1.2578201293945312
0.000125 1.2016525268554688
0.000125 0.866363525390625
0.000125 1.3674697875976562
0.000125 1.1524009704589844
0.000125 0.99884033203125
0.000125 0.9633636474609375
0.000125 1.6431999206542969
0.000125 1.4744338989257812
0.000125 1.5633201599121094
0.000125 1.1890449523925781
0.000125 1.0087661743164062
0.000125 0.9657440185546875
0.000125 1.2751884460449219
0.000125 1.039215087890625
0.000125 1.2260856628417969
0.000125 1.1847724914550781
0.000125 1.1793975830078125
0.000125 1.816436767578125
0.000125 1.168487548828125
0.000125 1.2010040283203125
0.000125 1.0640335083007812
0.000125 1.3668251037597656
0.000125 1.2835845947265625
0.000125 1.4356689453125
0.000125 1.2672195434570312
0.000125 1.023162841796875
0.000125 1.0132713317871094
0.000125 1.294769287109375
0.000125 0.9517822265625
0.000125 1.4124908447265625
0.000125 1.002197265625
0.000125 0.9626998901367188
0.000125 1.3484039306640625
0.000125 1.1676368713378906
0.000125 1.3418846130371094
0.000125 1.1021766662597656
0.000125 1.4336013793945312
0.000125 0.8500175476074219
0.000125 0.7950897216796875
0.000125 0.8386039733886719
0.000125 0.9158554077148438
0.000125 1.2363967895507812
0.000125 1.2056465148925781
0.000125 1.0969314575195312
0.000125 1.1763839721679688
0.000125 1.1165542602539062
0.000125 1.1191253662109375
0.000125 0.8798065185546875
0.000125 1.1426315307617188
0.000125 1.061309814453125
0.000125 1.0195388793945312
0.000125 1.1721076965332031
0.000125 0.9835739135742188
0.000125 0.9133377075195312
0.000125 1.3235549926757812
0.000125 1.2667999267578125
0.000125 0.9126243591308594
0.000125 0.8816719055175781
0.000125 1.4731864929199219
0.000125 1.2363433837890625
0.000125 1.1943740844726562
0.000125 1.08819580078125
0.000125 1.270294189453125
0.000125 1.0290908813476562
0.000125 0.8805503845214844
0.000125 1.014862060546875
0.000125 0.9860687255859375
0.000125 0.9826469421386719
0.000125 1.1554183959960938
0.000125 0.95440673828125
0.000125 1.255401611328125
0.000125 0.9692230224609375
0.000125 0.8770999908447266
0.000125 1.2248668670654297
0.000125 0.6407489776611328
0.000125 0.9794120788574219
0.000125 1.2506065368652344
0.000125 1.0598735809326172
0.000125 0.8838939666748047
0.000125 1.242727279663086
0.000125 0.7656784057617188
0.000125 0.6386260986328125
0.000125 0.8445034027099609
0.000125 0.9274692535400391
0.000125 0.7067832946777344
0.000125 0.8948249816894531
0.000125 0.6689300537109375
0.000125 0.9518966674804688
0.000125 0.464080810546875
0.000125 1.1928348541259766
0.000125 1.0376815795898438
0.000125 0.8645420074462891
0.000125 1.0493412017822266
0.000125 1.1541881561279297
0.000125 1.360565185546875
0.000125 0.9325504302978516
0.000125 1.0366077423095703
0.000125 1.170431137084961
0.000125 1.197037696838379
0.000125 0.8536376953125
0.000125 1.4013595581054688
0.000125 1.2294330596923828
0.000125 1.0342178344726562
0.000125 1.338134765625
0.000125 1.1884956359863281
0.000125 0.9817657470703125
0.000125 0.9121742248535156
0.000125 0.9846649169921875
0.000125 0.8840103149414062
0.000125 1.0145530700683594
0.000125 1.357391357421875
0.000125 1.2000846862792969
0.000125 0.8879814147949219
0.000125 0.8407516479492188
0.000125 0.9869661331176758
0.000125 0.9242973327636719
0.000125 0.761993408203125
0.000125 0.9860477447509766
0.000125 0.8619155883789062
0.000125 0.9270572662353516
0.000125 0.9420261383056641
0.000125 1.164912223815918
0.000125 0.9187755584716797
0.000125 0.8214340209960938
0.000125 1.037496566772461
0.000125 1.1109237670898438
0.000125 0.7627105712890625
0.000125 0.886387825012207
0.000125 0.7948284149169922
0.000125 1.2520685195922852
0.000125 0.6879115104675293
0.000125 1.1534461975097656
0.000125 1.0851669311523438
0.000125 0.8513965606689453
0.000125 0.6673450469970703
0.000125 0.8585853576660156
0.000125 0.8784780502319336
0.000125 0.8600540161132812
0.000125 0.5948047637939453
0.000125 0.8155803680419922
0.000125 0.9225358963012695
0.000125 1.103658676147461
0.000125 0.7122821807861328
0.000125 0.9312496185302734
0.000125 0.5601115226745605
0.000125 0.5719070434570312
0.000125 1.006361961364746
0.000125 1.395035743713379
0.000125 1.0999078750610352
0.000125 0.8747048377990723
0.000125 1.1183891296386719
0.000125 0.8877201080322266
0.000125 0.9389457702636719
0.000125 0.8473834991455078
0.000125 0.8394737243652344
0.000125 1.0440282821655273
0.000125 0.9878311157226562
0.000125 1.1333351135253906
0.000125 1.0832481384277344
0.000125 0.86358642578125
0.000125 0.9405426979064941
0.000125 1.0346403121948242
0.000125 0.871730625629425
0.000625 1.1804580688476562
0.000625 4.71360969543457
0.000625 4.741353988647461
0.000625 4.332273483276367
0.000625 2.1431961059570312
0.000625 3.0328521728515625
0.000625 1.8603057861328125
0.000625 1.5099372863769531
0.000625 2.1143898963928223
0.000625 1.562896728515625
0.000625 2.2542266845703125
0.000625 1.9017181396484375
0.000625 1.4001083374023438
0.000625 1.556488037109375
0.000625 1.3999557495117188
0.000625 1.5911521911621094
0.000625 1.4588241577148438
0.000625 1.6758346557617188
0.000625 1.854888916015625
0.000625 1.3427200317382812
0.000625 4.391998291015625
0.000625 4.64190673828125
0.000625 3.277313232421875
0.000625 2.235595703125
0.000625 1.6681060791015625
0.000625 1.9942626953125
0.000625 2.7760009765625
0.000625 2.0653839111328125
0.000625 1.6557502746582031
0.000625 1.7922515869140625
0.000625 1.666595458984375
0.000625 2.145965576171875
0.000625 1.33074951171875
0.000625 1.6343841552734375
0.000625 1.999786376953125
0.000625 1.5537033081054688
0.000625 1.6665191650390625
0.000625 1.2982406616210938
0.000625 1.3542861938476562
0.000625 1.0255966186523438
0.000625 1.4686431884765625
0.000625 2.0521926879882812
0.000625 1.549407958984375
0.000625 1.5814208984375
0.000625 1.3723831176757812
0.000625 1.9511566162109375
0.000625 1.7220535278320312
0.000625 1.5582046508789062
0.000625 1.3621826171875
0.000625 1.5248489379882812
0.000625 1.4428329467773438
0.000625 1.272369384765625
0.000625 1.2022247314453125
0.000625 1.185089111328125
0.000625 1.0763778686523438
0.000625 1.332794189453125
0.000625 1.02093505859375
0.000625 1.8647689819335938
0.000625 1.3608779907226562
0.000625 1.2250442504882812
0.000625 1.2673797607421875
0.000625 1.5163040161132812
0.000625 0.9053840637207031
0.000625 1.7939720153808594
0.000625 1.8659629821777344
0.000625 1.1752662658691406
0.000625 1.3363876342773438
0.000625 1.8172225952148438
0.000625 1.6773910522460938
0.000625 1.6942596435546875
0.000625 2.0653762817382812
0.000625 1.7846298217773438
0.000625 1.7222518920898438
0.000625 1.1567916870117188
0.000625 1.49713134765625
0.000625 2.0699615478515625
0.000625 1.640777587890625
0.000625 1.554107666015625
0.000625 1.448272705078125
0.000625 1.18133544921875
0.000625 1.2718048095703125
0.000625 1.4426651000976562
0.000625 1.3975448608398438
0.000625 1.6572723388671875
0.000625 1.199615478515625
0.000625 1.298858642578125
0.000625 1.42974853515625
0.000625 1.4540252685546875
0.000625 0.9534072875976562
0.000625 0.8856353759765625
0.000625 1.2306594848632812
0.000625 1.392303466796875
0.000625 1.3482131958007812
0.000625 1.1608123779296875
0.000625 1.3996047973632812
0.000625 1.4091796875
0.000625 1.4017181396484375
0.000625 0.9398269653320312
0.000625 1.0843505859375
0.000625 1.42108154296875
0.000625 1.1560211181640625
0.000625 0.88958740234375
0.000625 1.3040084838867188
0.000625 1.0877761840820312
0.000625 1.3014602661132812
0.000625 1.5590896606445312
0.000625 1.6151657104492188
0.000625 1.5924911499023438
0.000625 1.3339385986328125
0.000625 1.3414459228515625
0.000625 1.2970199584960938
0.000625 1.760650634765625
0.000625 1.8097076416015625
0.000625 1.5112571716308594
0.000625 1.3811836242675781
0.000625 1.2611198425292969
0.000625 1.3237152099609375
0.000625 1.269775390625
0.000625 1.1725578308105469
0.000625 1.0694580078125
0.000625 1.1456413269042969
0.000625 0.9500255584716797
0.000625 1.3080692291259766
0.000625 1.2969627380371094
0.000625 1.0411090850830078
0.000625 1.3791580200195312
0.000625 0.9963836669921875
0.000625 1.1070594787597656
0.000625 1.7012367248535156
0.000625 1.2310256958007812
0.000625 1.4767532348632812
0.000625 1.823974609375
0.000625 2.2929763793945312
0.000625 2.1480712890625
0.000625 1.8033218383789062
0.000625 1.9824676513671875
0.000625 1.5352249145507812
0.000625 1.0414810180664062
0.000625 1.861785888671875
0.000625 1.3422622680664062
0.000625 1.068206787109375
0.000625 1.370452880859375
0.000625 1.2773933410644531
0.000625 0.6773681640625
0.000625 1.1562519073486328
0.000625 1.6609687805175781
0.000625 1.5000934600830078
0.000625 1.2939643859863281
0.000625 1.3494148254394531
0.000625 1.0020370483398438
0.000625 1.3335838317871094
0.000625 0.9914131164550781
0.000625 1.1495780944824219
0.000625 0.9368057250976562
0.000625 0.8332977294921875
0.000625 1.0880241394042969
0.000625 1.2454719543457031
0.000625 1.0475692749023438
0.000625 0.9262008666992188
0.000625 0.9734992980957031
0.000625 0.8073501586914062
0.000625 0.9688224792480469
0.000625 0.9155731201171875
0.000625 1.9575576782226562
0.000625 1.3291282653808594
0.000625 0.983551025390625
0.000625 0.5514926910400391
0.000625 0.8961906433105469
0.000625 1.05755615234375
0.000625 1.3617897033691406
0.000625 1.3354568481445312
0.000625 1.1337509155273438
0.000625 0.976593017578125
0.000625 1.5272026062011719
0.000625 0.8797779083251953
0.000625 1.2364025115966797
0.000625 0.9812679290771484
0.000625 0.6220684051513672
0.000625 1.2838764190673828
0.000625 1.032196044921875
0.000625 0.7189464569091797
0.000625 1.1015963554382324
0.000625 1.4260754585266113
0.000625 1.1137752532958984
0.000625 0.6860513687133789
0.000625 1.4798564910888672
0.000625 1.1193885803222656
0.000625 1.0837554931640625
0.000625 0.844329833984375
0.000625 0.8214797973632812
0.000625 0.9394340515136719
0.000625 1.0513725280761719
0.000625 0.9649314880371094
0.000625 0.9633140563964844
0.000625 1.2835063934326172
0.000625 0.7835865020751953
0.000625 1.528299331665039
0.000625 1.2353191375732422
0.000625 1.0788002014160156
0.000625 0.7733631134033203
0.000625 0.9972686767578125
0.000625 1.3680391311645508
0.000625 1.3881645202636719
0.000625 1.0260343551635742
0.000625 0.9859848022460938
0.000625 1.0100364685058594
0.000625 1.3022956848144531
0.000625 0.6253118515014648
0.000625 0.9144077301025391
0.000625 0.8568344116210938
0.000625 0.6542396545410156
0.000625 1.1591987609863281
0.000625 1.0029029846191406
0.000625 1.1634483337402344
0.000625 0.8688507080078125
0.000625 1.467432975769043
0.000625 0.6165647506713867
0.000625 0.6571035385131836
0.000625 0.6390790939331055
0.000625 0.8148508071899414
0.000625 1.2214488983154297
0.000625 1.246084213256836
0.000625 1.0606889724731445
0.000625 1.5199346542358398
0.000625 0.9942150115966797
0.000625 1.1689872741699219
0.000625 1.3493843078613281
0.000625 1.9058074951171875
0.000625 2.04693603515625
0.000625 1.7245445251464844
0.000625 1.1843299865722656
0.000625 0.9533615112304688
0.000625 0.7702178955078125
0.000625 1.4361343383789062
0.000625 1.571136474609375
0.000625 1.302978515625
0.000625 0.888397216796875
0.000625 1.3255119323730469
0.000625 1.2006492614746094
0.000625 1.4577369689941406
0.000625 1.0568618774414062
0.000625 1.1451911926269531
0.000625 0.8562850952148438
0.000625 0.7004928588867188
0.000625 1.5899982452392578
0.000625 1.1047706604003906
0.000625 0.7991542816162109
0.000625 0.9332351684570312
0.000625 0.8418464660644531
0.000625 1.5001983642578125
0.000625 1.0308341979980469
0.000625 1.3127498626708984
0.000625 1.1260738372802734
0.000625 0.46439456939697266
0.000625 0.9996623992919922
0.000625 0.7684774398803711
0.000625 0.8543615341186523
0.000625 0.7362747192382812
0.000625 1.0231857299804688
0.000625 0.7977371215820312
0.000625 0.5013160705566406
0.000625 0.6398086547851562
0.000625 0.774749755859375
0.000625 0.87335205078125
0.000625 0.9835586547851562
0.000625 0.7227439880371094
0.000625 0.6488780975341797
0.000625 0.4138221740722656
0.000625 0.8770160675048828
0.000625 0.7565908432006836
0.000625 0.7984237670898438
0.000625 0.8222379684448242
0.000625 0.9059829711914062
0.000625 1.0956931114196777
0.000625 0.7324361801147461
0.000625 1.1598162651062012
0.000625 0.9703655242919922
0.000625 1.1492276191711426
0.000625 1.2294654846191406
0.000625 0.9512290954589844
0.000625 0.7592535018920898
0.000625 0.7430915832519531
0.000625 1.232682228088379
0.000625 1.1981439590454102
0.000625 0.8721218109130859
0.000625 0.6353425979614258
0.000625 0.7468852996826172
0.000625 0.8100738525390625
0.000625 0.6398391723632812
0.000625 1.1332054138183594
0.000625 1.3102045059204102
0.000625 0.9044990539550781
0.000625 0.7066841125488281
0.000625 0.5703086853027344
0.000625 0.6864871978759766
0.000625 0.5574607849121094
0.000625 0.7005500793457031
0.000625 0.4767265319824219
0.000625 0.7020740509033203
0.000625 0.6806488037109375
0.000625 0.9318380355834961
0.000625 0.8712863922119141
0.000625 0.5921468734741211
0.000625 0.5332260131835938
0.000625 1.0392398834228516
0.000625 0.5922822952270508
0.000625 0.7267446517944336
0.000625 0.5713558197021484
0.000625 0.7271318435668945
0.000625 0.48734617233276367
0.000625 1.1175708770751953
0.000625 0.8444881439208984
0.000625 0.4793081283569336
0.000625 0.6629409790039062
0.000625 0.6669588088989258
0.000625 0.4045982360839844
0.000625 0.49983978271484375
0.000625 0.4825119972229004
0.000625 0.5881681442260742
0.000625 0.9160151481628418
0.000625 0.7515392303466797
0.000625 0.7412152290344238
0.000625 0.7505137920379639
0.000625 0.3215174674987793
0.000625 0.3265683650970459
0.000625 0.478595495223999
0.000625 0.9782333374023438
0.000625 0.7384111881256104
0.000625 0.6055947542190552
0.000625 0.7403509616851807
0.000625 0.6409968137741089
0.000625 0.6573277711868286
0.000625 0.8304989337921143
0.000625 0.6766352653503418
0.000625 1.1247868537902832
0.000625 0.5727267265319824
0.000625 0.6399006843566895
0.000625 0.7281131744384766
0.000625 0.49367332458496094
0.000625 0.5246644020080566
0.000625 0.41121816635131836
0.000625 0.419306218624115
0.003125 0.9848594665527344
0.003125 1.0280306339263916
0.003125 1.1179478168487549
0.003125 1.647066593170166
0.003125 2.2200772762298584
0.003125 0.7740809917449951
0.003125 0.9299075603485107
0.003125 1.1327314376831055
0.003125 1.9345459938049316
0.003125 1.0902328491210938
0.003125 1.439743995666504
0.003125 1.0860276222229004
0.003125 0.7218532562255859
0.003125 0.8810062408447266
0.003125 0.8034944534301758
0.003125 0.7955365180969238
0.003125 0.8565959930419922
0.003125 1.595405101776123
0.003125 1.2386155128479004
0.003125 1.0695371627807617
0.003125 1.3920564651489258
0.003125 1.2667503356933594
0.003125 0.7160682678222656
0.003125 1.0269198417663574
0.003125 0.716679573059082
0.003125 0.7123571634292603
0.003125 1.030749797821045
0.003125 1.0037474632263184
0.003125 0.8724284172058105
0.003125 0.6717357635498047
0.003125 0.9830498695373535
0.003125 1.2900652885437012
0.003125 0.47646522521972656
0.003125 1.0476493835449219
0.003125 1.0116939544677734
0.003125 0.6335048675537109
0.003125 1.388106346130371
0.003125 0.7608404159545898
0.003125 0.8279428482055664
0.003125 0.5399255752563477
0.003125 0.9645957946777344
0.003125 1.5904254913330078
0.003125 0.8711609840393066
0.003125 0.8905439376831055
0.003125 0.7471199035644531
0.003125 1.0390243530273438
0.003125 1.2978153228759766
0.003125 0.9175004959106445
0.003125 0.7128806114196777
0.003125 1.1571626663208008
0.003125 0.8372435569763184
0.003125 0.5556173324584961
0.003125 1.0294475555419922
0.003125 0.6812782287597656
0.003125 0.7359619140625
0.003125 0.6375551223754883
0.003125 0.35019683837890625
0.003125 0.9065291881561279
0.003125 0.649714469909668
0.003125 0.5357034206390381
0.003125 2.1082096099853516
0.003125 1.1064648628234863
0.003125 0.7745404243469238
0.003125 1.0099101066589355
0.003125 0.7732439041137695
0.003125 0.5013048648834229
0.003125 0.6996026039123535
0.003125 0.9288735389709473
0.003125 0.9246573448181152
0.003125 1.0091209411621094
0.003125 1.5912609100341797
0.003125 0.9905862808227539
0.003125 1.7261772155761719
0.003125 1.2583351135253906
0.003125 0.9142780303955078
0.003125 1.6315193176269531
0.003125 1.1271533966064453
0.003125 0.9561061859130859
0.003125 1.063462257385254
0.003125 0.5769314765930176
0.003125 0.8718051910400391
0.003125 0.8252673149108887
0.003125 1.421234130859375
0.003125 1.3903942108154297
0.003125 0.7436370849609375
0.003125 0.735321044921875
0.003125 0.9854378700256348
0.003125 0.8652265071868896
0.003125 0.603553056716919
0.003125 0.45465755462646484
0.003125 0.7335047721862793
0.003125 0.6166064739227295
0.003125 0.8155832290649414
0.003125 0.4698023796081543
0.003125 1.0275020599365234
0.003125 0.733306884765625
0.003125 0.6038951873779297
0.003125 1.8036746978759766
0.003125 1.5796170234680176
0.003125 0.9328746795654297
0.003125 0.8149480819702148
0.003125 0.9242949485778809
0.003125 0.6865029335021973
0.003125 0.5630357265472412
0.003125 0.8636572360992432
0.003125 0.46694183349609375
0.003125 1.1579561233520508
0.003125 1.0435161590576172
0.003125 0.8159637451171875
0.003125 0.8014430999755859
0.003125 0.6754398345947266
0.003125 1.1388092041015625
0.003125 1.1419944763183594
0.003125 0.7143344879150391
0.003125 0.6700725555419922
0.003125 0.7343120574951172
0.003125 0.7222123146057129
0.003125 0.870272159576416
0.003125 0.5710883140563965
0.003125 0.8843985795974731
0.003125 0.8362596035003662
0.003125 0.5022158622741699
0.003125 0.9949774742126465
0.003125 1.1635355949401855
0.003125 0.7411937713623047
0.003125 0.8965139389038086
0.003125 0.4159083366394043
0.003125 0.5519514083862305
0.003125 0.748989462852478
0.003125 0.6697320938110352
0.003125 0.46736252307891846
0.003125 0.46518731117248535
0.003125 0.4985942840576172
0.003125 0.4891500473022461
0.003125 0.5264153480529785
0.003125 0.7686336040496826
0.003125 0.4462392330169678
0.003125 0.22203850746154785
0.003125 1.071519374847412
0.003125 0.5920900106430054
0.003125 0.4586840867996216
0.003125 0.7984128594398499
0.003125 1.0118966102600098
0.003125 0.3468438386917114
0.003125 0.6365342140197754
0.003125 0.9550149440765381
0.003125 1.7207179069519043
0.003125 1.1505556106567383
0.003125 0.6929523944854736
0.003125 0.6447513103485107
0.003125 1.2564096450805664
0.003125 0.9815185070037842
0.003125 1.0314927101135254
0.003125 0.7590599060058594
0.003125 0.8844032287597656
0.003125 0.7700023651123047
0.003125 0.6915607452392578
0.003125 0.8589935302734375
0.003125 0.7799396514892578
0.003125 0.7315673828125
0.003125 0.3058037757873535
0.003125 0.49836254119873047
0.003125 0.14586520195007324
0.003125 0.5849541425704956
0.003125 0.7236846089363098
0.003125 1.137770414352417
0.003125 0.7281309962272644
0.003125 1.730594515800476
0.003125 1.6957682371139526
0.003125 1.7899831533432007
0.003125 0.7967351675033569
0.003125 1.5105223655700684
0.003125 1.3690762519836426
0.003125 1.4920780658721924
0.003125 1.2720346450805664
0.003125 1.705655574798584
0.003125 0.8994526863098145
0.003125 0.5055232048034668
0.003125 0.95782470703125
0.003125 0.9028491973876953
0.003125 0.6452569961547852
0.003125 1.029259204864502
0.003125 0.7815074920654297
0.003125 0.8795509338378906
0.003125 0.8571815490722656
0.003125 1.4887275695800781
0.003125 1.0177154541015625
0.003125 1.0332870483398438
0.003125 0.8369674682617188
0.003125 0.7014808654785156
0.003125 0.5468387603759766
0.003125 0.8328342437744141
0.003125 0.45912742614746094
0.003125 0.7601799964904785
0.003125 0.9777493476867676
0.003125 0.646461009979248
0.003125 1.1073169708251953
0.003125 1.1024036407470703
0.003125 0.7815773487091064
0.003125 0.5272846221923828
0.003125 0.5455673933029175
0.003125 1.41365385055542
0.003125 1.087484359741211
0.003125 1.0148992538452148
0.003125 1.0308990478515625
0.003125 0.9817082285881042
0.003125 0.9019386172294617
0.003125 0.4462220370769501
0.003125 0.8178298473358154
0.003125 1.216989278793335
0.003125 0.33125877380371094
0.003125 1.0967227220535278
0.003125 0.9866772890090942
0.003125 0.8634693622589111
0.003125 0.6957689523696899
0.003125 0.9612702131271362
0.003125 0.6663022041320801
0.003125 0.40283799171447754
0.003125 0.8625869750976562
0.003125 0.7027187347412109
0.003125 0.8882122039794922
0.003125 1.0600881576538086
0.003125 1.1370124816894531
0.003125 0.9200582504272461
0.003125 0.681431770324707
0.003125 0.9572978019714355
0.003125 0.9738903045654297
0.003125 1.438572883605957
0.003125 0.9521889686584473
0.003125 0.44335412979125977
0.003125 1.2379741668701172
0.003125 0.6180839538574219
0.003125 0.40201854705810547
0.003125 0.8679962158203125
0.003125 0.6942319869995117
0.003125 0.48381471633911133
0.003125 0.37781620025634766
0.003125 0.8595423698425293
0.003125 0.8806395530700684
0.003125 0.577037513256073
0.003125 0.4806146025657654
0.003125 1.0139398574829102
0.003125 0.6794040203094482
0.003125 0.2823225259780884
0.003125 0.8970170617103577
0.003125 0.39749741554260254
0.003125 0.5176992416381836
0.003125 0.8908877372741699
0.003125 0.6493359804153442
0.003125 0.699255108833313
0.003125 0.9352506995201111
0.003125 0.28194090723991394
0.003125 0.6994094848632812
0.003125 0.3573611378669739
0.003125 0.6493558883666992
0.003125 0.5639140605926514
0.003125 1.0675134658813477
0.003125 1.182586669921875
0.003125 1.1906466484069824
0.003125 0.5136499404907227
0.003125 0.16275393962860107
0.003125 0.3883593678474426
0.003125 0.6322052478790283
0.003125 1.093704104423523
0.003125 0.6332861185073853
0.003125 0.6812533140182495
0.003125 0.2698742151260376
0.003125 0.37863051891326904
0.003125 0.639980673789978
0.003125 0.39922869205474854
0.003125 0.4099390506744385
0.003125 0.6085593104362488
0.003125 0.7476158142089844
0.003125 1.4445500373840332
0.003125 1.2551665306091309
0.003125 0.8548396825790405
0.003125 0.8971349000930786
0.003125 0.5303468704223633
0.003125 0.5794508457183838
0.003125 0.9433786869049072
0.003125 0.9310150146484375
0.003125 0.49526309967041016
0.003125 0.7240793704986572
0.003125 0.6838595867156982
0.003125 0.45217108726501465
0.003125 0.616912841796875
0.003125 0.5843205451965332
0.003125 0.7339110374450684
0.003125 0.31458330154418945
0.003125 1.1351087093353271
0.003125 0.730803370475769
0.003125 0.8800390362739563
0.003125 0.7293179035186768
0.003125 0.6626520156860352
0.003125 0.9552922248840332
0.003125 0.90313720703125
0.003125 0.8771429061889648
0.003125 0.4630117416381836
0.003125 0.8839759826660156
0.003125 1.1399505138397217
0.003125 1.2975757122039795
0.003125 0.9413924217224121
0.003125 0.44472599029541016
0.003125 0.6657891273498535
0.003125 0.7927465438842773
0.003125 0.43825769424438477
0.003125 0.6325187683105469
0.003125 0.6092920303344727
0.003125 0.5939841270446777
0.003125 0.5567731857299805
0.003125 1.0696697235107422
0.003125 0.47775745391845703
0.003125 0.4273557662963867
0.003125 0.6074008941650391
0.003125 0.5426931381225586
0.003125 0.29669857025146484
0.003125 0.4579153060913086
0.003125 0.3457682132720947
0.003125 0.4724550247192383
0.003125 0.6185542345046997
0.003125 0.9160547256469727
0.003125 0.5039639472961426
0.003125 0.4638991355895996
0.003125 0.21779024600982666
0.003125 0.3876469135284424
0.003125 0.5224964618682861
0.003125 0.6128262281417847
0.003125 0.5879051685333252
0.003125 0.6138174533843994
0.003125 0.6353321075439453
0.003125 0.5129560232162476
0.003125 0.5127297639846802
0.003125 0.6989972591400146
0.003125 0.6281791925430298
0.003125 0.9139050245285034
0.003125 0.4914291501045227
0.003125 0.559910774230957
0.003125 0.5539747476577759
0.003125 0.28180021047592163
0.003125 0.3517216444015503
0.003125 0.30365705490112305
0.003125 0.3473498225212097
0.015625 0.6534902453422546
0.015625 1.2054312229156494
0.015625 1.0730873346328735
0.015625 2.130427360534668
0.015625 1.8273801803588867
0.015625 1.5068281888961792
0.015625 1.2591309547424316
0.015625 1.2582120895385742
0.015625 1.5195317268371582
0.015625 3.304009199142456
0.015625 1.993739128112793
0.015625 3.5175094604492188
0.015625 3.5901031494140625
0.015625 2.18701171875
0.015625 1.7686309814453125
0.015625 2.6512069702148438
0.015625 1.827880859375
0.015625 2.1831130981445312
0.015625 1.4193267822265625
0.015625 1.4922332763671875
0.015625 1.8188972473144531
0.015625 1.9049530029296875
0.015625 1.2503890991210938
0.015625 1.4871063232421875
0.015625 6.328804016113281
0.015625 3.206298828125
0.015625 2.1114044189453125
0.015625 1.979827880859375
0.015625 1.5883636474609375
0.015625 2.055419921875
0.015625 1.607635498046875
0.015625 3.0700836181640625
0.015625 2.2447357177734375
0.015625 2.16412353515625
0.015625 1.913543701171875
0.015625 1.9402008056640625
0.015625 1.9992828369140625
0.015625 1.978729248046875
0.015625 2.174591064453125
0.015625 2.0753936767578125
0.015625 1.9149322509765625
0.015625 2.4363861083984375
0.015625 2.524383544921875
0.015625 2.406463623046875
0.015625 1.7288055419921875
0.015625 2.91693115234375
0.015625 2.50579833984375
0.015625 2.4764404296875
0.015625 1.954681396484375
0.015625 2.5551605224609375
0.015625 2.660308837890625
0.015625 2.2136077880859375
0.015625 1.73529052734375
0.015625 2.012847900390625
0.015625 1.83197021484375
0.015625 2.3765106201171875
0.015625 1.8660430908203125
0.015625 2.4576568603515625
0.015625 2.485626220703125
0.015625 3.0091018676757812
0.015625 2.027801513671875
0.015625 2.1176223754882812
0.015625 1.8624420166015625
0.015625 2.087890625
0.015625 2.035888671875
0.015625 2.09906005859375
0.015625 1.9319000244140625
0.015625 2.037872314453125
0.015625 2.140045166015625
0.015625 1.912353515625
0.015625 2.2721939086914062
0.015625 2.286865234375
0.015625 2.2920074462890625
0.015625 2.5301513671875
0.015625 2.8089141845703125
0.015625 2.76446533203125
0.015625 2.30902099609375
0.015625 2.5177459716796875
0.015625 2.447540283203125
0.015625 2.121673583984375
0.015625 1.8251800537109375
0.015625 2.891204833984375
0.015625 2.882598876953125
0.015625 3.2676544189453125
0.015625 2.8329315185546875
0.015625 2.059814453125
0.015625 2.5179443359375
0.015625 2.32122802734375
0.015625 2.2930450439453125
0.015625 2.00616455078125
0.015625 1.9031829833984375
0.015625 2.091644287109375
0.015625 2.305938720703125
0.015625 2.3154296875
0.015625 2.135162353515625
0.015625 2.28955078125
0.015625 2.10467529296875
0.015625 2.4415283203125
0.015625 2.119354248046875
0.015625 2.2947540283203125
0.015625 2.034027099609375
0.015625 1.834136962890625
0.015625 1.968292236328125
0.015625 1.937530517578125
0.015625 1.8898773193359375
0.015625 1.7654876708984375
0.015625 2.2421875
0.015625 2.004119873046875
0.015625 2.08642578125
0.015625 2.15740966796875
0.015625 2.38360595703125
0.015625 1.856353759765625
0.015625 2.400909423828125
0.015625 2.065093994140625
0.015625 1.7994384765625
0.015625 2.406219482421875
0.015625 2.280975341796875
0.015625 2.113677978515625
0.015625 2.1851806640625
0.015625 2.2878265380859375
0.015625 2.9465408325195312
0.015625 2.092620849609375
0.015625 2.061737060546875
0.015625 2.131683349609375
0.015625 2.2135467529296875
0.015625 2.5526885986328125
0.015625 2.0610809326171875
0.015625 2.032989501953125
0.015625 2.419769287109375
0.015625 1.935211181640625
0.015625 2.106109619140625
0.015625 1.8546905517578125
0.015625 2.0113677978515625
0.015625 2.2449493408203125
0.015625 2.0212860107421875
0.015625 2.23504638671875
0.015625 2.002349853515625
0.015625 1.66387939453125
0.015625 2.339263916015625
0.015625 2.047821044921875
0.015625 1.779876708984375
0.015625 2.165924072265625
0.015625 2.175323486328125
0.015625 1.6595458984375
0.015625 2.0482025146484375
0.015625 2.3157958984375
0.015625 2.265869140625
0.015625 1.800048828125
0.015625 1.9202880859375
0.015625 1.872344970703125
0.015625 2.258636474609375
0.015625 2.016021728515625
0.015625 1.9239501953125
0.015625 1.86163330078125
0.015625 1.6668701171875
0.015625 2.0751953125
0.015625 1.99920654296875
0.015625 1.8616943359375
0.015625 2.2579345703125
0.015625 2.3663482666015625
0.015625 1.7652587890625
0.015625 1.9640655517578125
0.015625 1.517822265625
0.015625 2.1397705078125
0.015625 2.243316650390625
0.015625 2.100372314453125
0.015625 1.545501708984375
0.015625 1.57318115234375
0.015625 1.919189453125
0.015625 2.611358642578125
0.015625 1.92669677734375
0.015625 1.765655517578125
0.015625 1.737518310546875
0.015625 2.21026611328125
0.015625 1.822296142578125
0.015625 2.278106689453125
0.015625 1.880645751953125
0.015625 1.712646484375
0.015625 2.063568115234375
0.015625 1.741058349609375
0.015625 1.7587432861328125
0.015625 2.03094482421875
0.015625 1.6414794921875
0.015625 1.611328125
0.015625 1.538055419921875
0.015625 2.596466064453125
0.015625 2.2500152587890625
0.015625 2.2362060546875
0.015625 1.954986572265625
0.015625 1.872802734375
0.015625 1.9339599609375
0.015625 2.068359375
0.015625 1.934967041015625
0.015625 2.05780029296875
0.015625 2.009307861328125
0.015625 1.787078857421875
0.015625 2.190582275390625
0.015625 1.9766845703125
0.015625 2.1239013671875
0.015625 1.681427001953125
0.015625 1.86993408203125
0.015625 2.0714111328125
0.015625 2.30194091796875
0.015625 1.89251708984375
0.015625 2.000885009765625
0.015625 1.84222412109375
0.015625 1.99560546875
0.015625 1.6003570556640625
0.015625 2.5826416015625
0.015625 1.70855712890625
0.015625 1.64630126953125
0.015625 2.377655029296875
0.015625 2.078521728515625
0.015625 2.023773193359375
0.015625 1.931427001953125
0.015625 2.203033447265625
0.015625 1.8604736328125
0.015625 1.8360595703125
0.015625 1.85235595703125
0.015625 1.874969482421875
0.015625 2.30126953125
0.015625 2.205535888671875
0.015625 2.170989990234375
0.015625 1.99993896484375
0.015625 2.1024169921875
0.015625 2.20501708984375
0.015625 1.8035888671875
0.015625 1.893768310546875
0.015625 1.7328033447265625
0.015625 1.85650634765625
0.015625 2.155517578125
0.015625 1.846221923828125
0.015625 1.5950469970703125
0.015625 2.441009521484375
0.015625 2.2513580322265625
0.015625 1.980316162109375
0.015625 1.588623046875
0.015625 2.22808837890625
0.015625 1.99224853515625
0.015625 1.974456787109375
0.015625 2.1589508056640625
0.015625 2.009765625
0.015625 2.1196136474609375
0.015625 1.8349151611328125
0.015625 2.061920166015625
0.015625 1.667510986328125
0.015625 1.566986083984375
0.015625 2.0202789306640625
0.015625 2.174591064453125
0.015625 2.14886474609375
0.015625 2.094085693359375
0.015625 1.715667724609375
0.015625 1.877166748046875
0.015625 1.76971435546875
0.015625 2.1112060546875
0.015625 1.781951904296875
0.015625 1.785614013671875
0.015625 1.81109619140625
0.015625 2.4202880859375
0.015625 1.977996826171875
0.015625 1.58349609375
0.015625 1.7177734375
0.015625 1.8929443359375
0.015625 1.642822265625
0.015625 1.93682861328125
0.015625 1.650115966796875
0.015625 1.76470947265625
0.015625 1.4061126708984375
0.015625 2.15130615234375
0.015625 2.0297698974609375
0.015625 1.961273193359375
0.015625 1.91668701171875
0.015625 2.013763427734375
0.015625 2.162506103515625
0.015625 1.9665069580078125
0.015625 1.9942626953125
0.015625 2.094696044921875
0.015625 2.066253662109375
0.015625 1.8320770263671875
0.015625 2.0181884765625
0.015625 1.624542236328125
0.015625 1.738037109375
0.015625 2.31884765625
0.015625 1.8921966552734375
0.015625 1.84588623046875
0.015625 1.81719970703125
0.015625 1.84942626953125
0.015625 1.8189697265625
0.015625 1.91778564453125
0.015625 2.4043426513671875
0.015625 2.131683349609375
0.015625 1.785797119140625
0.015625 1.9014892578125
0.015625 1.74200439453125
0.015625 1.995758056640625
0.015625 1.5911865234375
0.015625 1.8372802734375
0.015625 1.485626220703125
0.015625 1.87774658203125
0.015625 1.9402923583984375
0.015625 2.0074462890625
0.015625 2.17510986328125
0.015625 1.820404052734375
0.015625 1.864471435546875
0.015625 2.14849853515625
0.015625 1.81982421875
0.015625 2.11700439453125
0.015625 1.852081298828125
0.015625 1.75885009765625
0.015625 1.45928955078125
0.015625 1.9520263671875
0.015625 2.0936737060546875
0.015625 1.9251708984375
0.015625 1.9915771484375
0.015625 1.834686279296875
0.015625 1.82598876953125
0.015625 1.5565185546875
0.015625 1.49005126953125
0.015625 1.6544952392578125
0.015625 1.9654541015625
0.015625 1.9022979736328125
0.015625 1.83087158203125
0.015625 1.9356536865234375
0.015625 1.670928955078125
0.015625 1.698944091796875
0.015625 1.865264892578125
0.015625 1.90887451171875
0.015625 2.3475341796875
0.015625 1.84912109375
0.015625 1.94439697265625
0.015625 1.777099609375
0.015625 1.637115478515625
0.015625 2.165771484375
0.015625 1.733673095703125
0.015625 2.35479736328125
0.015625 1.72216796875
0.015625 1.910980224609375
0.015625 1.82537841796875
0.015625 1.5887451171875
0.015625 1.9364166259765625
0.015625 1.55499267578125
0.015625 1.7982337474822998
0.078125 1.966705322265625
0.078125 1.9796142578125
0.078125 2.105224609375
0.078125 2.315643310546875
0.078125 2.077301025390625
0.078125 2.3415985107421875
0.078125 1.7612457275390625
0.078125 2.09088134765625
0.078125 2.4828643798828125
0.078125 2.108154296875
0.078125 2.7275543212890625
0.078125 2.366058349609375
0.078125 1.8466796875
0.078125 2.042205810546875
0.078125 2.297027587890625
0.078125 2.50762939453125
0.078125 2.1600341796875
0.078125 2.7191925048828125
0.078125 1.9381103515625
0.078125 2.693511962890625
0.078125 2.61236572265625
0.078125 3.04132080078125
0.078125 3.6529083251953125
0.078125 3.717761993408203
0.078125 2.24114990234375
0.078125 1.88848876953125
0.078125 2.977325439453125
0.078125 2.5151748657226562
0.078125 2.4918212890625
0.078125 2.5625
0.078125 3.18853759765625
0.078125 3.481853485107422
0.078125 5.08465576171875
0.078125 3.073974609375
0.078125 3.4990081787109375
0.078125 2.7697982788085938
0.078125 3.5631561279296875
0.078125 3.137939453125
0.078125 3.0982818603515625
0.078125 4.14154052734375
0.078125 3.5932235717773438
0.078125 4.211944580078125
0.078125 2.79608154296875
0.078125 2.64739990234375
0.078125 2.513031005859375
0.078125 3.5853271484375
0.078125 2.26885986328125
0.078125 2.99908447265625
0.078125 2.5867767333984375
0.078125 3.9512786865234375
0.078125 4.2479248046875
0.078125 2.81890869140625
0.078125 1.8968658447265625
0.078125 2.379547119140625
0.078125 2.5962982177734375
0.078125 3.514190673828125
0.078125 2.182647705078125
0.078125 3.1572723388671875
0.078125 2.7526092529296875
0.078125 2.6407470703125
0.078125 2.144287109375
0.078125 2.3289337158203125
0.078125 2.09161376953125
0.078125 3.3378143310546875
0.078125 2.830951690673828
0.078125 2.08154296875
0.078125 2.3893280029296875
0.078125 3.4478302001953125
0.078125 2.41558837890625
0.078125 2.125640869140625
0.078125 2.085357666015625
0.078125 2.06622314453125
0.078125 2.65509033203125
0.078125 3.069061279296875
0.078125 1.8201141357421875
0.078125 3.3327102661132812
0.078125 3.3085784912109375
0.078125 4.46112060546875
0.078125 2.29351806640625
0.078125 2.54730224609375
0.078125 2.48809814453125
0.078125 2.66229248046875
0.078125 2.15606689453125
0.078125 3.197723388671875
0.078125 2.322967529296875
0.078125 3.095123291015625
0.078125 3.350189208984375
0.078125 2.79638671875
0.078125 2.68328857421875
0.078125 3.60284423828125
0.078125 3.66534423828125
0.078125 3.89984130859375
0.078125 2.175140380859375
0.078125 3.130401611328125
0.078125 4.02606201171875
0.078125 4.077159881591797
0.078125 4.469757080078125
0.078125 4.72650146484375
0.078125 2.7764892578125
0.078125 4.660056114196777
0.078125 2.9989700317382812
0.078125 3.918243408203125
0.078125 4.06170654296875
0.078125 3.475067138671875
0.078125 5.6270751953125
0.078125 3.56097412109375
0.078125 3.0386962890625
0.078125 3.441162109375
0.078125 2.72650146484375
0.078125 3.4830780029296875
0.078125 3.8931884765625
0.078125 2.47589111328125
0.078125 2.7027587890625
0.078125 3.3255615234375
0.078125 3.4949569702148438
0.078125 3.3074951171875
0.078125 3.6399993896484375
0.078125 3.0716552734375
0.078125 2.4531707763671875
0.078125 3.057373046875
0.078125 3.4444580078125
0.078125 2.9831695556640625
0.078125 4.05511474609375
0.078125 3.3237457275390625
0.078125 3.2530670166015625
0.078125 3.3748779296875
0.078125 3.9122161865234375
0.078125 4.4942779541015625
0.078125 4.932037353515625
0.078125 2.985595703125
0.078125 3.15228271484375
0.078125 2.6734085083007812
0.078125 2.7957611083984375
0.078125 2.8726882934570312
0.078125 1.886199951171875
0.078125 2.786865234375
0.078125 3.1345977783203125
0.078125 2.603424072265625
0.078125 2.7884368896484375
0.078125 2.178955078125
0.078125 2.1959228515625
0.078125 2.5904998779296875
0.078125 4.359552383422852
0.078125 2.937591552734375
0.078125 2.1724853515625
0.078125 3.10650634765625
0.078125 2.40093994140625
0.078125 2.29217529296875
0.078125 3.069854736328125
0.078125 2.5706787109375
0.078125 3.6778564453125
0.078125 2.07794189453125
0.078125 2.70416259765625
0.078125 2.754547119140625
0.078125 2.07757568359375
0.078125 2.997772216796875
0.078125 2.8149871826171875
0.078125 3.466339111328125
0.078125 5.594268798828125
0.078125 6.4847412109375
0.078125 12.560546875
0.078125 7.58740234375
0.078125 3.957275390625
0.078125 3.4571533203125
0.078125 2.86138916015625
0.078125 2.708953857421875
0.078125 1.4703369140625
0.078125 2.2378082275390625
0.078125 2.376373291015625
0.078125 4.145965576171875
0.078125 2.826324462890625
0.078125 2.798797607421875
0.078125 2.083587646484375
0.078125 3.513275146484375
0.078125 2.51104736328125
0.078125 2.5103759765625
0.078125 1.9061431884765625
0.078125 3.1097412109375
0.078125 4.0928955078125
0.078125 2.75146484375
0.078125 1.8611297607421875
0.078125 5.92732048034668
0.078125 4.923851013183594
0.078125 2.9622802734375
0.078125 3.1917724609375
0.078125 5.535774230957031
0.078125 3.4410400390625
0.078125 6.450042724609375
0.078125 6.0888214111328125
0.078125 6.083587646484375
0.078125 4.4161376953125
0.078125 3.910797119140625
0.078125 3.2331085205078125
0.078125 4.577728271484375
0.078125 3.1604957580566406
0.078125 2.77838134765625
0.078125 3.671600341796875
0.078125 2.605865478515625
0.078125 6.8508453369140625
0.078125 5.31280517578125
0.078125 3.41387939453125
