1e-06 2.743682861328125
1e-06 2.7940673828125
1e-06 2.766815185546875
1e-06 2.786865234375
1e-06 2.805419921875
1e-06 2.67718505859375
1e-06 2.877593994140625
1e-06 2.83660888671875
1e-06 2.802642822265625
1e-06 2.82403564453125
1e-06 2.7099609375
1e-06 2.8294677734375
1e-06 2.700164794921875
1e-06 2.6197509765625
1e-06 2.72259521484375
1e-06 2.862884521484375
1e-06 2.754241943359375
1e-06 2.795867919921875
1e-06 2.8297119140625
1e-06 2.72528076171875
1e-06 2.72650146484375
1e-06 2.7403564453125
1e-06 2.73486328125
1e-06 2.719482421875
1e-06 2.679443359375
1e-06 2.706329345703125
1e-06 2.637847900390625
1e-06 2.59423828125
1e-06 2.54852294921875
1e-06 2.81585693359375
1e-06 2.623565673828125
1e-06 2.663360595703125
1e-06 2.586151123046875
1e-06 2.642303466796875
1e-06 2.628387451171875
1e-06 2.5361328125
1e-06 2.577880859375
1e-06 2.5518798828125
1e-06 2.624755859375
1e-06 2.62567138671875
1e-06 2.6915283203125
1e-06 2.79315185546875
1e-06 2.4776611328125
1e-06 2.5799560546875
1e-06 2.41522216796875
1e-06 2.7108154296875
1e-06 2.661163330078125
1e-06 2.58258056640625
1e-06 2.582275390625
1e-06 2.695404052734375
1e-06 2.663970947265625
1e-06 2.60968017578125
1e-06 2.537322998046875
1e-06 2.6134033203125
1e-06 2.506805419921875
1e-06 2.576934814453125
1e-06 2.464996337890625
1e-06 2.68267822265625
1e-06 2.66912841796875
1e-06 2.539337158203125
1e-06 2.41925048828125
1e-06 2.490753173828125
1e-06 2.538116455078125
1e-06 2.561492919921875
1e-06 2.419921875
1e-06 2.365753173828125
1e-06 2.5567626953125
1e-06 2.57159423828125
1e-06 2.514495849609375
1e-06 2.432830810546875
1e-06 2.47186279296875
1e-06 2.632171630859375
1e-06 2.786865234375
1e-06 2.281707763671875
1e-06 2.4913330078125
1e-06 2.647216796875
1e-06 2.574249267578125
1e-06 2.63543701171875
1e-06 2.45330810546875
1e-06 2.460113525390625
1e-06 2.48162841796875
1e-06 2.52178955078125
1e-06 2.4898681640625
1e-06 2.70416259765625
1e-06 2.388885498046875
1e-06 2.467071533203125
1e-06 2.36376953125
1e-06 2.450164794921875
1e-06 2.40240478515625
1e-06 2.31878662109375
1e-06 2.38848876953125
1e-06 2.64117431640625
1e-06 2.454803466796875
1e-06 2.394561767578125
1e-06 2.393951416015625
1e-06 2.57293701171875
1e-06 2.541900634765625
1e-06 2.2835693359375
1e-06 2.5015869140625
1e-06 2.400299072265625
1e-06 2.388336181640625
1e-06 2.379364013671875
1e-06 2.363739013671875
1e-06 2.39373779296875
1e-06 2.337615966796875
1e-06 2.276153564453125
1e-06 2.39910888671875
1e-06 2.505218505859375
1e-06 2.328155517578125
1e-06 2.456390380859375
1e-06 2.63580322265625
1e-06 2.313568115234375
1e-06 2.390777587890625
1e-06 2.463714599609375
1e-06 2.300994873046875
1e-06 2.436279296875
1e-06 2.41534423828125
1e-06 2.495025634765625
1e-06 2.408721923828125
1e-06 2.363983154296875
1e-06 2.4735107421875
1e-06 2.281585693359375
1e-06 2.415618896484375
1e-06 2.4892578125
1e-06 2.313629150390625
1e-06 2.455291748046875
1e-06 2.4224853515625
1e-06 2.45123291015625
1e-06 2.471435546875
1e-06 2.354278564453125
1e-06 2.32781982421875
1e-06 2.164825439453125
1e-06 2.397918701171875
1e-06 2.3818359375
1e-06 2.212066650390625
1e-06 2.495025634765625
1e-06 2.243316650390625
1e-06 2.154205322265625
1e-06 2.46856689453125
1e-06 2.268768310546875
1e-06 2.177093505859375
1e-06 2.5982666015625
1e-06 2.27716064453125
1e-06 2.1126708984375
1e-06 2.218841552734375
1e-06 2.5335693359375
1e-06 2.369293212890625
1e-06 2.229400634765625
1e-06 2.39324951171875
1e-06 2.281463623046875
1e-06 2.26287841796875
1e-06 2.193389892578125
1e-06 2.347381591796875
1e-06 2.211181640625
1e-06 2.173736572265625
1e-06 2.391754150390625
1e-06 2.28375244140625
1e-06 2.181243896484375
1e-06 2.269866943359375
1e-06 2.405853271484375
1e-06 2.122161865234375
1e-06 2.17315673828125
1e-06 2.141632080078125
1e-06 2.3648681640625
1e-06 2.3331298828125
1e-06 2.2647705078125
1e-06 2.056243896484375
1e-06 2.097137451171875
1e-06 2.175872802734375
1e-06 2.370452880859375
1e-06 2.129302978515625
1e-06 2.11480712890625
1e-06 2.139404296875
1e-06 2.401153564453125
1e-06 2.288177490234375
1e-06 2.41357421875
1e-06 2.1920166015625
1e-06 1.98480224609375
1e-06 2.3988037109375
1e-06 2.20916748046875
1e-06 2.04486083984375
1e-06 2.276092529296875
1e-06 2.13140869140625
1e-06 1.95648193359375
1e-06 2.105712890625
1e-06 2.606109619140625
1e-06 2.417388916015625
1e-06 2.314666748046875
1e-06 2.256622314453125
1e-06 2.10504150390625
1e-06 2.31781005859375
1e-06 2.334930419921875
1e-06 2.269805908203125
1e-06 2.199066162109375
1e-06 2.2484130859375
1e-06 2.2049560546875
1e-06 2.2235107421875
1e-06 2.28717041015625
1e-06 2.3837890625
1e-06 1.96588134765625
1e-06 2.205902099609375
1e-06 2.44091796875
1e-06 2.423095703125
1e-06 2.10919189453125
1e-06 2.446014404296875
1e-06 2.24005126953125
1e-06 2.35699462890625
1e-06 2.0240478515625
1e-06 2.36376953125
1e-06 2.06353759765625
1e-06 1.99090576171875
1e-06 2.360931396484375
1e-06 2.243682861328125
1e-06 2.049285888671875
1e-06 2.235137939453125
1e-06 2.24676513671875
1e-06 2.335296630859375
1e-06 2.121124267578125
1e-06 1.920257568359375
1e-06 2.1746826171875
1e-06 2.35064697265625
1e-06 2.361846923828125
1e-06 2.25128173828125
1e-06 2.3236083984375
1e-06 2.257415771484375
1e-06 2.259857177734375
1e-06 2.05572509765625
1e-06 2.139617919921875
1e-06 2.086761474609375
1e-06 1.9964599609375
1e-06 2.195892333984375
1e-06 2.1368408203125
1e-06 1.983001708984375
1e-06 2.309661865234375
1e-06 2.2685546875
1e-06 2.2449951171875
1e-06 1.80615234375
1e-06 2.48291015625
1e-06 2.174285888671875
1e-06 2.17620849609375
1e-06 2.223175048828125
1e-06 2.0615234375
1e-06 2.211700439453125
1e-06 1.990997314453125
1e-06 2.076507568359375
1e-06 1.910614013671875
1e-06 1.85296630859375
1e-06 2.134185791015625
1e-06 2.210296630859375
1e-06 2.238922119140625
1e-06 2.166412353515625
1e-06 2.12646484375
1e-06 2.20623779296875
1e-06 1.801727294921875
1e-06 2.057525634765625
1e-06 1.976776123046875
1e-06 2.052459716796875
1e-06 2.025238037109375
1e-06 2.3555908203125
1e-06 2.162811279296875
1e-06 1.981353759765625
1e-06 1.944366455078125
1e-06 2.154388427734375
1e-06 2.034454345703125
1e-06 2.014862060546875
1e-06 1.958038330078125
1e-06 1.911712646484375
1e-06 1.751800537109375
1e-06 2.1846923828125
1e-06 2.206451416015625
1e-06 1.987030029296875
1e-06 1.953155517578125
1e-06 2.106475830078125
1e-06 2.176544189453125
1e-06 1.966156005859375
1e-06 2.0779571533203125
1e-06 2.193115234375
1e-06 2.176605224609375
1e-06 2.0477294921875
1e-06 2.1490478515625
1e-06 1.711944580078125
1e-06 1.8309783935546875
1e-06 2.37493896484375
1e-06 1.961090087890625
1e-06 1.940216064453125
1e-06 1.994140625
1e-06 1.975830078125
1e-06 1.941925048828125
1e-06 2.0186767578125
1e-06 2.28472900390625
1e-06 2.307708740234375
1e-06 2.04803466796875
1e-06 2.000823974609375
1e-06 2.004150390625
1e-06 2.13946533203125
1e-06 1.86395263671875
1e-06 1.98394775390625
1e-06 1.693634033203125
1e-06 1.910797119140625
1e-06 2.07373046875
1e-06 2.042572021484375
1e-06 2.2202606201171875
1e-06 1.98699951171875
1e-06 2.00128173828125
1e-06 2.24652099609375
1e-06 2.0718994140625
1e-06 2.256805419921875
1e-06 1.9622802734375
1e-06 2.264801025390625
1e-06 1.7218170166015625
1e-06 1.9202423095703125
1e-06 1.985015869140625
1e-06 2.0098724365234375
1e-06 2.01446533203125
1e-06 1.90972900390625
1e-06 2.0139617919921875
1e-06 1.73974609375
1e-06 1.790008544921875
1e-06 1.902252197265625
1e-06 2.066650390625
1e-06 2.1072998046875
1e-06 2.055206298828125
1e-06 2.187286376953125
1e-06 1.99688720703125
1e-06 1.978240966796875
1e-06 1.9852447509765625
1e-06 2.149932861328125
1e-06 2.521514892578125
1e-06 2.0448455810546875
1e-06 1.928802490234375
1e-06 2.134368896484375
1e-06 1.902801513671875
1e-06 2.253326416015625
1e-06 2.0189361572265625
1e-06 2.328948974609375
1e-06 1.90570068359375
1e-06 2.0480499267578125
1e-06 1.9745330810546875
1e-06 1.70452880859375
1e-06 2.061431884765625
1e-06 1.7430419921875
1e-06 2.0236284732818604
4.9999999999999996e-06 2.061004638671875
4.9999999999999996e-06 1.979400634765625
4.9999999999999996e-06 1.88751220703125
4.9999999999999996e-06 2.139801025390625
4.9999999999999996e-06 2.084625244140625
4.9999999999999996e-06 1.9895782470703125
4.9999999999999996e-06 1.9275970458984375
4.9999999999999996e-06 2.218505859375
4.9999999999999996e-06 2.267120361328125
4.9999999999999996e-06 1.81744384765625
4.9999999999999996e-06 2.1597900390625
4.9999999999999996e-06 2.160858154296875
4.9999999999999996e-06 1.90899658203125
4.9999999999999996e-06 1.9953765869140625
4.9999999999999996e-06 1.999176025390625
4.9999999999999996e-06 2.16461181640625
4.9999999999999996e-06 1.964569091796875
4.9999999999999996e-06 2.109771728515625
4.9999999999999996e-06 1.987335205078125
4.9999999999999996e-06 1.95111083984375
4.9999999999999996e-06 2.25970458984375
4.9999999999999996e-06 1.969757080078125
4.9999999999999996e-06 1.981689453125
4.9999999999999996e-06 2.018646240234375
4.9999999999999996e-06 1.7730255126953125
4.9999999999999996e-06 1.8532257080078125
4.9999999999999996e-06 2.0980224609375
4.9999999999999996e-06 1.741943359375
4.9999999999999996e-06 1.6615753173828125
4.9999999999999996e-06 1.81475830078125
4.9999999999999996e-06 1.81884765625
4.9999999999999996e-06 2.1355133056640625
4.9999999999999996e-06 1.730224609375
4.9999999999999996e-06 1.7744598388671875
4.9999999999999996e-06 1.9959716796875
4.9999999999999996e-06 1.807861328125
4.9999999999999996e-06 2.06341552734375
4.9999999999999996e-06 1.943450927734375
4.9999999999999996e-06 1.9086151123046875
4.9999999999999996e-06 1.85931396484375
4.9999999999999996e-06 2.119659423828125
4.9999999999999996e-06 2.227325439453125
4.9999999999999996e-06 1.9390716552734375
4.9999999999999996e-06 2.0537261962890625
4.9999999999999996e-06 1.807952880859375
4.9999999999999996e-06 2.329437255859375
4.9999999999999996e-06 1.98419189453125
4.9999999999999996e-06 1.9866180419921875
4.9999999999999996e-06 1.994049072265625
4.9999999999999996e-06 2.0923004150390625
4.9999999999999996e-06 1.822174072265625
4.9999999999999996e-06 1.95880126953125
4.9999999999999996e-06 1.756866455078125
4.9999999999999996e-06 1.8854217529296875
4.9999999999999996e-06 1.744232177734375
4.9999999999999996e-06 2.064666748046875
4.9999999999999996e-06 1.594268798828125
4.9999999999999996e-06 2.1738433837890625
4.9999999999999996e-06 2.065704345703125
4.9999999999999996e-06 1.811492919921875
4.9999999999999996e-06 1.86590576171875
4.9999999999999996e-06 1.8324737548828125
4.9999999999999996e-06 1.73040771484375
4.9999999999999996e-06 1.8677825927734375
4.9999999999999996e-06 1.5698394775390625
4.9999999999999996e-06 1.68157958984375
4.9999999999999996e-06 1.848114013671875
4.9999999999999996e-06 2.0465545654296875
4.9999999999999996e-06 1.99609375
4.9999999999999996e-06 1.882293701171875
4.9999999999999996e-06 1.8184967041015625
4.9999999999999996e-06 1.962554931640625
4.9999999999999996e-06 2.09710693359375
4.9999999999999996e-06 1.7804412841796875
4.9999999999999996e-06 1.8578948974609375
4.9999999999999996e-06 2.2929534912109375
4.9999999999999996e-06 2.1092376708984375
4.9999999999999996e-06 2.25927734375
4.9999999999999996e-06 2.059814453125
4.9999999999999996e-06 1.9051513671875
4.9999999999999996e-06 1.7693634033203125
4.9999999999999996e-06 2.18292236328125
4.9999999999999996e-06 2.0736236572265625
4.9999999999999996e-06 2.310394287109375
4.9999999999999996e-06 1.8192291259765625
4.9999999999999996e-06 1.9621124267578125
4.9999999999999996e-06 1.855987548828125
4.9999999999999996e-06 1.95697021484375
4.9999999999999996e-06 1.807403564453125
4.9999999999999996e-06 1.8128662109375
4.9999999999999996e-06 1.86102294921875
4.9999999999999996e-06 1.9926605224609375
4.9999999999999996e-06 1.863037109375
4.9999999999999996e-06 1.892730712890625
4.9999999999999996e-06 2.0218505859375
4.9999999999999996e-06 1.99371337890625
4.9999999999999996e-06 2.04296875
4.9999999999999996e-06 1.676483154296875
4.9999999999999996e-06 1.9296875
4.9999999999999996e-06 2.030120849609375
4.9999999999999996e-06 1.8493194580078125
4.9999999999999996e-06 1.7142181396484375
4.9999999999999996e-06 1.9029083251953125
4.9999999999999996e-06 1.849334716796875
4.9999999999999996e-06 1.752105712890625
4.9999999999999996e-06 1.832855224609375
4.9999999999999996e-06 2.0284423828125
4.9999999999999996e-06 2.0601806640625
4.9999999999999996e-06 1.856597900390625
4.9999999999999996e-06 1.985626220703125
4.9999999999999996e-06 1.9652252197265625
4.9999999999999996e-06 1.832305908203125
4.9999999999999996e-06 1.9340057373046875
4.9999999999999996e-06 2.002288818359375
4.9999999999999996e-06 1.773040771484375
4.9999999999999996e-06 1.919464111328125
4.9999999999999996e-06 2.041839599609375
4.9999999999999996e-06 2.060150146484375
4.9999999999999996e-06 1.9325408935546875
4.9999999999999996e-06 1.872344970703125
4.9999999999999996e-06 2.052032470703125
4.9999999999999996e-06 1.7415008544921875
4.9999999999999996e-06 2.077484130859375
4.9999999999999996e-06 1.9038238525390625
4.9999999999999996e-06 1.958953857421875
4.9999999999999996e-06 2.286529541015625
4.9999999999999996e-06 1.907867431640625
4.9999999999999996e-06 2.020965576171875
4.9999999999999996e-06 2.308990478515625
4.9999999999999996e-06 1.907562255859375
4.9999999999999996e-06 1.850555419921875
4.9999999999999996e-06 1.7281494140625
4.9999999999999996e-06 1.879364013671875
4.9999999999999996e-06 2.073577880859375
4.9999999999999996e-06 1.7891387939453125
4.9999999999999996e-06 2.180145263671875
4.9999999999999996e-06 1.717315673828125
4.9999999999999996e-06 1.6810760498046875
4.9999999999999996e-06 2.0991668701171875
4.9999999999999996e-06 1.920440673828125
4.9999999999999996e-06 1.7184600830078125
4.9999999999999996e-06 2.19549560546875
4.9999999999999996e-06 1.951171875
4.9999999999999996e-06 1.6346435546875
4.9999999999999996e-06 1.806243896484375
4.9999999999999996e-06 2.177764892578125
4.9999999999999996e-06 2.010894775390625
4.9999999999999996e-06 1.845306396484375
4.9999999999999996e-06 2.08331298828125
4.9999999999999996e-06 1.9383392333984375
4.9999999999999996e-06 1.8931427001953125
4.9999999999999996e-06 1.816925048828125
4.9999999999999996e-06 1.913909912109375
4.9999999999999996e-06 1.942047119140625
4.9999999999999996e-06 1.689361572265625
4.9999999999999996e-06 2.0379180908203125
4.9999999999999996e-06 1.888214111328125
4.9999999999999996e-06 1.898162841796875
4.9999999999999996e-06 1.98760986328125
4.9999999999999996e-06 1.9929351806640625
4.9999999999999996e-06 1.612518310546875
4.9999999999999996e-06 1.854034423828125
4.9999999999999996e-06 1.607330322265625
4.9999999999999996e-06 2.0585174560546875
4.9999999999999996e-06 1.899200439453125
4.9999999999999996e-06 1.932891845703125
4.9999999999999996e-06 1.5636444091796875
4.9999999999999996e-06 1.6402435302734375
4.9999999999999996e-06 1.8816375732421875
4.9999999999999996e-06 2.1724090576171875
4.9999999999999996e-06 1.722381591796875
4.9999999999999996e-06 1.7537078857421875
4.9999999999999996e-06 1.7486419677734375
4.9999999999999996e-06 2.186248779296875
4.9999999999999996e-06 1.947601318359375
4.9999999999999996e-06 2.0833587646484375
4.9999999999999996e-06 1.8069305419921875
4.9999999999999996e-06 1.6002655029296875
4.9999999999999996e-06 2.1306915283203125
4.9999999999999996e-06 1.7411041259765625
4.9999999999999996e-06 1.6847381591796875
4.9999999999999996e-06 2.02777099609375
4.9999999999999996e-06 1.72064208984375
4.9999999999999996e-06 1.660858154296875
4.9999999999999996e-06 1.624114990234375
4.9999999999999996e-06 2.336395263671875
4.9999999999999996e-06 2.134307861328125
4.9999999999999996e-06 2.0771636962890625
4.9999999999999996e-06 1.958404541015625
4.9999999999999996e-06 1.672210693359375
4.9999999999999996e-06 2.0596466064453125
4.9999999999999996e-06 2.100128173828125
4.9999999999999996e-06 1.963104248046875
4.9999999999999996e-06 1.909912109375
4.9999999999999996e-06 1.9304351806640625
4.9999999999999996e-06 1.8244171142578125
4.9999999999999996e-06 1.9908294677734375
4.9999999999999996e-06 2.00408935546875
4.9999999999999996e-06 2.01483154296875
4.9999999999999996e-06 1.7104034423828125
4.9999999999999996e-06 1.91729736328125
4.9999999999999996e-06 2.070281982421875
4.9999999999999996e-06 2.267578125
4.9999999999999996e-06 1.88299560546875
4.9999999999999996e-06 2.001190185546875
4.9999999999999996e-06 1.91534423828125
4.9999999999999996e-06 2.0874481201171875
4.9999999999999996e-06 1.661712646484375
4.9999999999999996e-06 2.213775634765625
4.9999999999999996e-06 1.832244873046875
4.9999999999999996e-06 1.6011505126953125
4.9999999999999996e-06 2.121551513671875
4.9999999999999996e-06 1.9035186767578125
4.9999999999999996e-06 1.958099365234375
4.9999999999999996e-06 1.9138946533203125
4.9999999999999996e-06 2.1513519287109375
4.9999999999999996e-06 1.935028076171875
4.9999999999999996e-06 1.705169677734375
4.9999999999999996e-06 1.73480224609375
4.9999999999999996e-06 1.818511962890625
4.9999999999999996e-06 2.11865234375
4.9999999999999996e-06 2.155364990234375
4.9999999999999996e-06 2.04937744140625
4.9999999999999996e-06 1.9498443603515625
4.9999999999999996e-06 1.9523162841796875
4.9999999999999996e-06 2.1202392578125
4.9999999999999996e-06 1.718353271484375
4.9999999999999996e-06 1.88067626953125
4.9999999999999996e-06 1.74627685546875
4.9999999999999996e-06 1.72283935546875
4.9999999999999996e-06 1.9844207763671875
4.9999999999999996e-06 1.757781982421875
4.9999999999999996e-06 1.6995086669921875
4.9999999999999996e-06 2.009307861328125
4.9999999999999996e-06 2.0770263671875
4.9999999999999996e-06 1.991241455078125
4.9999999999999996e-06 1.520843505859375
4.9999999999999996e-06 2.177978515625
4.9999999999999996e-06 1.8885040283203125
4.9999999999999996e-06 1.9495849609375
4.9999999999999996e-06 1.94610595703125
4.9999999999999996e-06 2.05145263671875
4.9999999999999996e-06 1.94268798828125
4.9999999999999996e-06 1.70849609375
4.9999999999999996e-06 1.8247222900390625
4.9999999999999996e-06 1.678375244140625
4.9999999999999996e-06 1.6688995361328125
4.9999999999999996e-06 1.9107666015625
4.9999999999999996e-06 1.9183502197265625
4.9999999999999996e-06 2.076812744140625
4.9999999999999996e-06 1.9337921142578125
4.9999999999999996e-06 1.7249755859375
4.9999999999999996e-06 1.960052490234375
4.9999999999999996e-06 1.498626708984375
4.9999999999999996e-06 1.8048248291015625
4.9999999999999996e-06 1.7342071533203125
4.9999999999999996e-06 1.774078369140625
4.9999999999999996e-06 1.7737274169921875
4.9999999999999996e-06 2.1678924560546875
4.9999999999999996e-06 1.85662841796875
4.9999999999999996e-06 1.618927001953125
4.9999999999999996e-06 1.7503509521484375
4.9999999999999996e-06 1.8816375732421875
4.9999999999999996e-06 1.7352142333984375
4.9999999999999996e-06 1.8587799072265625
4.9999999999999996e-06 1.6465911865234375
4.9999999999999996e-06 1.7138671875
4.9999999999999996e-06 1.451812744140625
4.9999999999999996e-06 1.97015380859375
4.9999999999999996e-06 1.9907073974609375
4.9999999999999996e-06 1.685028076171875
4.9999999999999996e-06 1.865631103515625
4.9999999999999996e-06 1.916351318359375
4.9999999999999996e-06 2.0602874755859375
4.9999999999999996e-06 1.7582244873046875
4.9999999999999996e-06 1.84893798828125
4.9999999999999996e-06 2.0525360107421875
4.9999999999999996e-06 2.07763671875
4.9999999999999996e-06 1.7633056640625
4.9999999999999996e-06 1.8289337158203125
4.9999999999999996e-06 1.5143890380859375
4.9999999999999996e-06 1.7140350341796875
4.9999999999999996e-06 2.27008056640625
4.9999999999999996e-06 1.8772735595703125
4.9999999999999996e-06 1.7961273193359375
4.9999999999999996e-06 1.6183319091796875
4.9999999999999996e-06 1.788177490234375
4.9999999999999996e-06 1.716156005859375
4.9999999999999996e-06 1.753509521484375
4.9999999999999996e-06 2.2428741455078125
4.9999999999999996e-06 2.0945892333984375
4.9999999999999996e-06 1.7484130859375
4.9999999999999996e-06 1.7729034423828125
4.9999999999999996e-06 1.794586181640625
4.9999999999999996e-06 1.9051513671875
4.9999999999999996e-06 1.5704498291015625
4.9999999999999996e-06 1.7769775390625
4.9999999999999996e-06 1.468597412109375
4.9999999999999996e-06 1.837249755859375
4.9999999999999996e-06 1.854705810546875
4.9999999999999996e-06 1.926544189453125
4.9999999999999996e-06 2.194305419921875
4.9999999999999996e-06 1.819854736328125
4.9999999999999996e-06 1.7257537841796875
4.9999999999999996e-06 2.0492706298828125
4.9999999999999996e-06 1.8204345703125
4.9999999999999996e-06 2.0438079833984375
4.9999999999999996e-06 1.7748260498046875
4.9999999999999996e-06 1.9463348388671875
4.9999999999999996e-06 1.5206146240234375
4.9999999999999996e-06 1.8520660400390625
4.9999999999999996e-06 1.8690032958984375
4.9999999999999996e-06 1.750701904296875
4.9999999999999996e-06 1.802093505859375
4.9999999999999996e-06 1.698211669921875
4.9999999999999996e-06 1.689666748046875
4.9999999999999996e-06 1.5566864013671875
4.9999999999999996e-06 1.58306884765625
4.9999999999999996e-06 1.6712493896484375
4.9999999999999996e-06 1.8985595703125
4.9999999999999996e-06 1.9012603759765625
4.9999999999999996e-06 1.7831878662109375
4.9999999999999996e-06 1.9290313720703125
4.9999999999999996e-06 1.750732421875
4.9999999999999996e-06 1.7178192138671875
4.9999999999999996e-06 1.767974853515625
4.9999999999999996e-06 1.9469146728515625
4.9999999999999996e-06 2.25482177734375
4.9999999999999996e-06 1.790802001953125
4.9999999999999996e-06 1.791961669921875
4.9999999999999996e-06 1.8743438720703125
4.9999999999999996e-06 1.6534423828125
4.9999999999999996e-06 2.1317596435546875
4.9999999999999996e-06 1.828765869140625
4.9999999999999996e-06 2.2467498779296875
4.9999999999999996e-06 1.7612762451171875
4.9999999999999996e-06 1.873199462890625
4.9999999999999996e-06 1.8282318115234375
4.9999999999999996e-06 1.5363922119140625
4.9999999999999996e-06 1.87677001953125
4.9999999999999996e-06 1.60845947265625
4.9999999999999996e-06 1.7994225025177002
2.4999999999999998e-05 1.9566192626953125
2.4999999999999998e-05 1.8772430419921875
2.4999999999999998e-05 1.7015380859375
2.4999999999999998e-05 1.99462890625
2.4999999999999998e-05 2.031280517578125
2.4999999999999998e-05 1.81768798828125
2.4999999999999998e-05 1.7106475830078125
2.4999999999999998e-05 1.893524169921875
2.4999999999999998e-05 2.0625457763671875
2.4999999999999998e-05 1.5721588134765625
2.4999999999999998e-05 1.9767608642578125
2.4999999999999998e-05 2.035491943359375
2.4999999999999998e-05 1.740631103515625
2.4999999999999998e-05 1.88482666015625
2.4999999999999998e-05 1.80047607421875
2.4999999999999998e-05 1.95855712890625
2.4999999999999998e-05 1.87420654296875
2.4999999999999998e-05 2.0223236083984375
2.4999999999999998e-05 1.742279052734375
2.4999999999999998e-05 1.869354248046875
2.4999999999999998e-05 2.2603302001953125
2.4999999999999998e-05 1.889678955078125
2.4999999999999998e-05 1.8480224609375
2.4999999999999998e-05 2.013092041015625
2.4999999999999998e-05 1.69793701171875
2.4999999999999998e-05 1.660919189453125
2.4999999999999998e-05 1.9422149658203125
2.4999999999999998e-05 1.586669921875
2.4999999999999998e-05 1.5648193359375
2.4999999999999998e-05 1.7033538818359375
2.4999999999999998e-05 1.7641448974609375
2.4999999999999998e-05 2.01263427734375
2.4999999999999998e-05 1.7257232666015625
2.4999999999999998e-05 1.6891326904296875
2.4999999999999998e-05 1.886688232421875
2.4999999999999998e-05 1.72772216796875
2.4999999999999998e-05 1.93853759765625
2.4999999999999998e-05 1.890228271484375
2.4999999999999998e-05 1.8942718505859375
2.4999999999999998e-05 1.680206298828125
2.4999999999999998e-05 1.9388275146484375
2.4999999999999998e-05 2.31549072265625
2.4999999999999998e-05 1.8075408935546875
2.4999999999999998e-05 2.052703857421875
2.4999999999999998e-05 1.6682891845703125
2.4999999999999998e-05 2.275726318359375
2.4999999999999998e-05 1.8994293212890625
2.4999999999999998e-05 1.881561279296875
2.4999999999999998e-05 1.8692169189453125
2.4999999999999998e-05 1.936676025390625
2.4999999999999998e-05 1.78448486328125
2.4999999999999998e-05 1.814453125
2.4999999999999998e-05 1.729766845703125
2.4999999999999998e-05 1.788665771484375
2.4999999999999998e-05 1.7158203125
2.4999999999999998e-05 1.97674560546875
2.4999999999999998e-05 1.60260009765625
2.4999999999999998e-05 2.1176910400390625
2.4999999999999998e-05 1.89752197265625
2.4999999999999998e-05 1.6615142822265625
2.4999999999999998e-05 1.7501220703125
2.4999999999999998e-05 1.773223876953125
2.4999999999999998e-05 1.6260528564453125
2.4999999999999998e-05 1.875
2.4999999999999998e-05 1.50262451171875
2.4999999999999998e-05 1.6147003173828125
2.4999999999999998e-05 1.7255096435546875
2.4999999999999998e-05 1.9701690673828125
2.4999999999999998e-05 2.00390625
2.4999999999999998e-05 1.778289794921875
2.4999999999999998e-05 1.7839202880859375
2.4999999999999998e-05 1.9219207763671875
2.4999999999999998e-05 2.017791748046875
2.4999999999999998e-05 1.6393280029296875
2.4999999999999998e-05 1.7607269287109375
2.4999999999999998e-05 2.3141326904296875
2.4999999999999998e-05 2.1194610595703125
2.4999999999999998e-05 2.293548583984375
2.4999999999999998e-05 2.014007568359375
2.4999999999999998e-05 1.718658447265625
2.4999999999999998e-05 1.765228271484375
2.4999999999999998e-05 2.0855712890625
2.4999999999999998e-05 1.954620361328125
2.4999999999999998e-05 2.279296875
2.4999999999999998e-05 1.7862548828125
2.4999999999999998e-05 1.82086181640625
2.4999999999999998e-05 1.928955078125
2.4999999999999998e-05 1.86480712890625
2.4999999999999998e-05 1.727386474609375
2.4999999999999998e-05 1.72833251953125
2.4999999999999998e-05 1.864013671875
2.4999999999999998e-05 2.00244140625
2.4999999999999998e-05 1.802642822265625
2.4999999999999998e-05 1.7346038818359375
2.4999999999999998e-05 1.9366607666015625
2.4999999999999998e-05 1.92718505859375
2.4999999999999998e-05 2.042144775390625
2.4999999999999998e-05 1.6297607421875
2.4999999999999998e-05 1.9237518310546875
2.4999999999999998e-05 1.931549072265625
2.4999999999999998e-05 1.77166748046875
2.4999999999999998e-05 1.59942626953125
2.4999999999999998e-05 1.8605804443359375
2.4999999999999998e-05 1.78424072265625
2.4999999999999998e-05 1.6901397705078125
2.4999999999999998e-05 1.7054443359375
2.4999999999999998e-05 2.05120849609375
2.4999999999999998e-05 1.977447509765625
2.4999999999999998e-05 1.890960693359375
2.4999999999999998e-05 1.982452392578125
2.4999999999999998e-05 1.907867431640625
2.4999999999999998e-05 1.6990203857421875
2.4999999999999998e-05 1.852294921875
2.4999999999999998e-05 1.865203857421875
2.4999999999999998e-05 1.7041015625
2.4999999999999998e-05 1.869293212890625
2.4999999999999998e-05 1.9726104736328125
2.4999999999999998e-05 1.9442596435546875
2.4999999999999998e-05 1.930419921875
2.4999999999999998e-05 1.825714111328125
2.4999999999999998e-05 2.1013641357421875
2.4999999999999998e-05 1.6560516357421875
2.4999999999999998e-05 2.14898681640625
2.4999999999999998e-05 1.887664794921875
2.4999999999999998e-05 1.9664306640625
2.4999999999999998e-05 2.213714599609375
2.4999999999999998e-05 1.8332366943359375
2.4999999999999998e-05 2.00018310546875
2.4999999999999998e-05 2.2364501953125
2.4999999999999998e-05 1.911712646484375
2.4999999999999998e-05 1.8350982666015625
2.4999999999999998e-05 1.743743896484375
2.4999999999999998e-05 1.864044189453125
2.4999999999999998e-05 1.95849609375
2.4999999999999998e-05 1.8441162109375
2.4999999999999998e-05 2.1055908203125
2.4999999999999998e-05 1.757965087890625
2.4999999999999998e-05 1.562042236328125
2.4999999999999998e-05 2.065582275390625
2.4999999999999998e-05 1.8419189453125
2.4999999999999998e-05 1.6358184814453125
2.4999999999999998e-05 2.0128173828125
2.4999999999999998e-05 1.963623046875
2.4999999999999998e-05 1.4607696533203125
2.4999999999999998e-05 1.791412353515625
2.4999999999999998e-05 2.08697509765625
2.4999999999999998e-05 2.03106689453125
2.4999999999999998e-05 1.736602783203125
2.4999999999999998e-05 1.99615478515625
2.4999999999999998e-05 1.870452880859375
2.4999999999999998e-05 1.907745361328125
2.4999999999999998e-05 1.69256591796875
2.4999999999999998e-05 1.900909423828125
2.4999999999999998e-05 1.81219482421875
2.4999999999999998e-05 1.61492919921875
2.4999999999999998e-05 1.93218994140625
2.4999999999999998e-05 1.86810302734375
2.4999999999999998e-05 1.8057403564453125
2.4999999999999998e-05 1.91015625
2.4999999999999998e-05 1.9243927001953125
2.4999999999999998e-05 1.4916534423828125
2.4999999999999998e-05 1.7715911865234375
2.4999999999999998e-05 1.582916259765625
2.4999999999999998e-05 1.9453582763671875
2.4999999999999998e-05 1.8332061767578125
2.4999999999999998e-05 1.840667724609375
2.4999999999999998e-05 1.475494384765625
2.4999999999999998e-05 1.5628662109375
2.4999999999999998e-05 1.8784332275390625
2.4999999999999998e-05 2.2415313720703125
2.4999999999999998e-05 1.6814422607421875
2.4999999999999998e-05 1.7244873046875
2.4999999999999998e-05 1.6944427490234375
2.4999999999999998e-05 2.15228271484375
2.4999999999999998e-05 1.7845458984375
2.4999999999999998e-05 2.042633056640625
2.4999999999999998e-05 1.77716064453125
2.4999999999999998e-05 1.5215301513671875
2.4999999999999998e-05 2.01220703125
2.4999999999999998e-05 1.7332916259765625
2.4999999999999998e-05 1.5852508544921875
2.4999999999999998e-05 1.9115753173828125
2.4999999999999998e-05 1.5707855224609375
2.4999999999999998e-05 1.6263275146484375
2.4999999999999998e-05 1.55224609375
2.4999999999999998e-05 2.2684326171875
2.4999999999999998e-05 2.1166534423828125
2.4999999999999998e-05 2.1086883544921875
2.4999999999999998e-05 1.9203643798828125
2.4999999999999998e-05 1.66546630859375
2.4999999999999998e-05 1.994354248046875
2.4999999999999998e-05 1.95916748046875
2.4999999999999998e-05 1.9072113037109375
2.4999999999999998e-05 1.851654052734375
2.4999999999999998e-05 1.8608245849609375
2.4999999999999998e-05 1.7519073486328125
2.4999999999999998e-05 2.008636474609375
2.4999999999999998e-05 1.955841064453125
2.4999999999999998e-05 1.9002838134765625
2.4999999999999998e-05 1.6939544677734375
2.4999999999999998e-05 1.799957275390625
2.4999999999999998e-05 1.9149322509765625
2.4999999999999998e-05 2.19647216796875
2.4999999999999998e-05 1.8702392578125
2.4999999999999998e-05 1.914337158203125
2.4999999999999998e-05 1.686920166015625
2.4999999999999998e-05 1.9975738525390625
2.4999999999999998e-05 1.607574462890625
2.4999999999999998e-05 2.141998291015625
2.4999999999999998e-05 1.77789306640625
2.4999999999999998e-05 1.542144775390625
2.4999999999999998e-05 2.08148193359375
2.4999999999999998e-05 1.8645782470703125
2.4999999999999998e-05 1.9129638671875
2.4999999999999998e-05 1.8543701171875
2.4999999999999998e-05 2.17279052734375
2.4999999999999998e-05 1.8049468994140625
2.4999999999999998e-05 1.5773162841796875
2.4999999999999998e-05 1.6132354736328125
2.4999999999999998e-05 1.7098846435546875
2.4999999999999998e-05 2.0785675048828125
2.4999999999999998e-05 2.087921142578125
2.4999999999999998e-05 2.0194549560546875
2.4999999999999998e-05 1.931243896484375
2.4999999999999998e-05 1.8919525146484375
2.4999999999999998e-05 2.0498046875
2.4999999999999998e-05 1.6640472412109375
2.4999999999999998e-05 1.8416748046875
2.4999999999999998e-05 1.79766845703125
2.4999999999999998e-05 1.65966796875
2.4999999999999998e-05 1.952178955078125
2.4999999999999998e-05 1.7293701171875
2.4999999999999998e-05 1.6386871337890625
2.4999999999999998e-05 1.999725341796875
2.4999999999999998e-05 2.032318115234375
2.4999999999999998e-05 1.875457763671875
2.4999999999999998e-05 1.503997802734375
2.4999999999999998e-05 2.151031494140625
2.4999999999999998e-05 1.9455108642578125
2.4999999999999998e-05 1.924774169921875
2.4999999999999998e-05 1.837188720703125
2.4999999999999998e-05 2.02801513671875
2.4999999999999998e-05 1.9377288818359375
2.4999999999999998e-05 1.6217041015625
2.4999999999999998e-05 1.840789794921875
2.4999999999999998e-05 1.6306610107421875
2.4999999999999998e-05 1.613677978515625
2.4999999999999998e-05 1.829010009765625
2.4999999999999998e-05 1.9228668212890625
2.4999999999999998e-05 1.9848175048828125
2.4999999999999998e-05 1.911163330078125
2.4999999999999998e-05 1.69024658203125
2.4999999999999998e-05 1.910003662109375
2.4999999999999998e-05 1.3988189697265625
2.4999999999999998e-05 1.6740875244140625
2.4999999999999998e-05 1.7179412841796875
2.4999999999999998e-05 1.7761688232421875
2.4999999999999998e-05 1.7325286865234375
2.4999999999999998e-05 2.11480712890625
2.4999999999999998e-05 1.8506317138671875
2.4999999999999998e-05 1.49676513671875
2.4999999999999998e-05 1.7151947021484375
2.4999999999999998e-05 1.776123046875
2.4999999999999998e-05 1.6138458251953125
2.4999999999999998e-05 1.69976806640625
2.4999999999999998e-05 1.5837249755859375
2.4999999999999998e-05 1.8570556640625
2.4999999999999998e-05 1.50360107421875
2.4999999999999998e-05 1.8672027587890625
2.4999999999999998e-05 2.0277099609375
2.4999999999999998e-05 1.6603851318359375
2.4999999999999998e-05 1.8472900390625
2.4999999999999998e-05 1.9992523193359375
2.4999999999999998e-05 2.0536041259765625
2.4999999999999998e-05 1.63604736328125
2.4999999999999998e-05 1.8272552490234375
2.4999999999999998e-05 2.0191650390625
2.4999999999999998e-05 2.0403289794921875
2.4999999999999998e-05 1.6893768310546875
2.4999999999999998e-05 1.85009765625
2.4999999999999998e-05 1.491943359375
2.4999999999999998e-05 1.6394195556640625
2.4999999999999998e-05 2.28955078125
2.4999999999999998e-05 1.7981109619140625
2.4999999999999998e-05 1.763641357421875
2.4999999999999998e-05 1.559295654296875
2.4999999999999998e-05 1.703765869140625
2.4999999999999998e-05 1.6511383056640625
2.4999999999999998e-05 1.725921630859375
2.4999999999999998e-05 2.1393890380859375
2.4999999999999998e-05 2.058441162109375
2.4999999999999998e-05 1.7201080322265625
2.4999999999999998e-05 1.7433624267578125
2.4999999999999998e-05 1.67681884765625
2.4999999999999998e-05 1.781158447265625
2.4999999999999998e-05 1.4980621337890625
2.4999999999999998e-05 1.6474456787109375
2.4999999999999998e-05 1.4676971435546875
2.4999999999999998e-05 1.7520294189453125
2.4999999999999998e-05 1.82635498046875
2.4999999999999998e-05 1.864227294921875
2.4999999999999998e-05 2.0734405517578125
2.4999999999999998e-05 1.746551513671875
2.4999999999999998e-05 1.5938262939453125
2.4999999999999998e-05 2.0152435302734375
2.4999999999999998e-05 1.7593841552734375
2.4999999999999998e-05 1.997161865234375
2.4999999999999998e-05 1.766693115234375
2.4999999999999998e-05 1.815155029296875
2.4999999999999998e-05 1.4459381103515625
2.4999999999999998e-05 1.8596038818359375
2.4999999999999998e-05 1.893890380859375
2.4999999999999998e-05 1.7245025634765625
2.4999999999999998e-05 1.82720947265625
2.4999999999999998e-05 1.6773529052734375
2.4999999999999998e-05 1.707305908203125
2.4999999999999998e-05 1.619842529296875
2.4999999999999998e-05 1.5084381103515625
2.4999999999999998e-05 1.6103057861328125
2.4999999999999998e-05 1.88385009765625
2.4999999999999998e-05 1.84368896484375
2.4999999999999998e-05 1.6817169189453125
2.4999999999999998e-05 1.8865509033203125
2.4999999999999998e-05 1.6904754638671875
2.4999999999999998e-05 1.6099853515625
2.4999999999999998e-05 1.7029266357421875
2.4999999999999998e-05 1.828460693359375
2.4999999999999998e-05 2.2343597412109375
2.4999999999999998e-05 1.7086029052734375
2.4999999999999998e-05 1.8155517578125
2.4999999999999998e-05 1.7571868896484375
2.4999999999999998e-05 1.6472320556640625
2.4999999999999998e-05 2.0519256591796875
2.4999999999999998e-05 1.763336181640625
2.4999999999999998e-05 2.290557861328125
2.4999999999999998e-05 1.7014923095703125
2.4999999999999998e-05 1.79681396484375
2.4999999999999998e-05 1.7772369384765625
2.4999999999999998e-05 1.4757537841796875
2.4999999999999998e-05 1.7856292724609375
2.4999999999999998e-05 1.5708465576171875
2.4999999999999998e-05 1.6712806224822998
0.000125 1.93310546875
0.000125 1.8021392822265625
0.000125 1.6762008666992188
0.000125 2.1024932861328125
0.000125 2.0847320556640625
0.000125 1.7325286865234375
0.000125 1.6009979248046875
0.000125 1.8500823974609375
0.000125 1.927703857421875
0.000125 1.6078338623046875
0.000125 2.1194305419921875
0.000125 1.908843994140625
0.000125 1.790802001953125
0.000125 1.80157470703125
0.000125 1.7222137451171875
0.000125 1.86688232421875
0.000125 1.883331298828125
0.000125 2.000030517578125
0.000125 1.805572509765625
0.000125 1.7559356689453125
0.000125 2.220458984375
0.000125 1.8713226318359375
0.000125 1.796875
0.000125 1.9847412109375
0.000125 1.588226318359375
0.000125 1.4988555908203125
0.000125 1.809356689453125
0.000125 1.47967529296875
0.000125 1.42718505859375
0.000125 1.8460922241210938
0.000125 1.7136001586914062
0.000125 1.9451751708984375
0.000125 1.5703887939453125
0.000125 1.66650390625
0.000125 1.8621826171875
0.000125 1.7144775390625
0.000125 1.9487457275390625
0.000125 1.70001220703125
0.000125 1.697418212890625
0.000125 1.6764678955078125
0.000125 1.68359375
0.000125 2.2492141723632812
0.000125 1.8202667236328125
0.000125 1.921905517578125
0.000125 1.6832733154296875
0.000125 2.0683441162109375
0.000125 1.6811370849609375
0.000125 1.7864227294921875
0.000125 1.6640472412109375
0.000125 1.7942352294921875
0.000125 1.673675537109375
0.000125 1.634918212890625
0.000125 1.6422576904296875
0.000125 1.51336669921875
0.000125 1.5004043579101562
0.000125 1.7248687744140625
0.000125 1.35845947265625
0.000125 1.88397216796875
0.000125 1.622802734375
0.000125 1.3598175048828125
0.000125 1.585418701171875
0.000125 1.623260498046875
0.000125 1.2881011962890625
0.000125 1.6539764404296875
0.000125 1.3080825805664062
0.000125 1.3972320556640625
0.000125 1.3523941040039062
0.000125 1.8016090393066406
0.000125 1.7216110229492188
0.000125 1.3734664916992188
0.000125 1.5048065185546875
0.000125 1.5026473999023438
0.000125 1.5577926635742188
0.000125 1.6339035034179688
0.000125 1.388031005859375
0.000125 2.0951309204101562
0.000125 1.8117828369140625
0.000125 1.6161346435546875
0.000125 1.6496734619140625
0.000125 1.0563812255859375
0.000125 1.4071044921875
0.000125 1.5250244140625
0.000125 1.4909515380859375
0.000125 1.8280258178710938
0.000125 1.35894775390625
0.000125 1.3669967651367188
0.000125 1.3041152954101562
0.000125 1.3015670776367188
0.000125 1.1521453857421875
0.000125 1.2003173828125
0.000125 1.3218765258789062
0.000125 1.45880126953125
0.000125 1.3678436279296875
0.000125 1.3431167602539062
0.000125 1.3805084228515625
0.000125 1.661712646484375
0.000125 1.4853973388671875
0.000125 1.1969680786132812
0.000125 1.279937744140625
0.000125 1.7236862182617188
0.000125 1.2606201171875
0.000125 1.07379150390625
0.000125 1.2140922546386719
0.000125 1.4153480529785156
0.000125 1.2293701171875
0.000125 1.1190567016601562
0.000125 1.3522491455078125
0.000125 1.2124786376953125
0.000125 1.29840087890625
0.000125 1.3863983154296875
0.000125 1.5291595458984375
0.000125 1.3153228759765625
0.000125 1.36407470703125
0.000125 1.3767929077148438
0.000125 1.1385498046875
0.000125 1.2573471069335938
0.000125 1.32806396484375
0.000125 1.3066635131835938
0.000125 1.2553253173828125
0.000125 1.3716201782226562
0.000125 1.2292556762695312
0.000125 1.0153732299804688
0.000125 1.6494064331054688
0.000125 1.3099441528320312
0.000125 1.2468948364257812
0.000125 1.6692657470703125
0.000125 1.340240478515625
0.000125 1.2033157348632812
0.000125 1.3353500366210938
0.000125 1.2708892822265625
0.000125 1.1550140380859375
0.000125 1.01409912109375
0.000125 1.2770843505859375
0.000125 1.196868896484375
0.000125 1.2703094482421875
0.000125 1.41668701171875
0.000125 0.9575119018554688
0.000125 0.9407196044921875
0.000125 1.3605880737304688
0.000125 1.0467376708984375
0.000125 0.9071197509765625
0.000125 1.1572418212890625
0.000125 1.5903549194335938
0.000125 0.7975921630859375
0.000125 1.1814117431640625
0.000125 1.4912948608398438
0.000125 1.7817230224609375
0.000125 1.3840599060058594
0.000125 1.3984222412109375
0.000125 1.1494979858398438
0.000125 1.4205551147460938
0.000125 1.1287498474121094
0.000125 1.1148681640625
0.000125 1.1519851684570312
0.000125 1.128692626953125
0.000125 1.2851104736328125
0.000125 1.335113525390625
0.000125 1.292755126953125
0.000125 1.1783370971679688
0.000125 1.2300567626953125
0.000125 1.0826263427734375
0.000125 1.15679931640625
0.000125 0.720367431640625
0.000125 1.2445831298828125
0.000125 1.2313766479492188
0.000125 1.3161087036132812
0.000125 0.7809944152832031
0.000125 1.4288597106933594
0.000125 1.2986984252929688
0.000125 1.5116996765136719
0.000125 1.0883026123046875
0.000125 1.16217041015625
0.000125 1.0574455261230469
0.000125 1.3891334533691406
0.000125 1.0726165771484375
0.000125 1.360504150390625
0.000125 1.19879150390625
0.000125 0.8794631958007812
0.000125 1.53533935546875
0.000125 1.6271896362304688
0.000125 0.968170166015625
0.000125 1.2432937622070312
0.000125 1.4949569702148438
0.000125 1.3410186767578125
0.000125 1.072998046875
0.000125 1.8031845092773438
0.000125 1.2650985717773438
0.000125 1.2927894592285156
0.000125 1.055816650390625
0.000125 1.0582351684570312
0.000125 0.9904403686523438
0.000125 1.232330322265625
0.000125 1.0412101745605469
0.000125 1.397186279296875
0.000125 1.3805160522460938
0.000125 1.2930679321289062
0.000125 1.696746826171875
0.000125 1.4761276245117188
0.000125 1.4488296508789062
0.000125 1.17401123046875
0.000125 1.1743583679199219
0.000125 1.4571704864501953
0.000125 1.9984664916992188
0.000125 1.4663047790527344
0.000125 1.3343048095703125
0.000125 1.0510711669921875
0.000125 1.4741592407226562
0.000125 1.4223480224609375
0.000125 1.7149658203125
0.000125 1.2943115234375
0.000125 0.9763240814208984
0.000125 1.4232139587402344
0.000125 1.4075775146484375
0.000125 1.5209693908691406
0.000125 1.1729583740234375
0.000125 1.5705108642578125
0.000125 1.307159423828125
0.000125 1.0285797119140625
0.000125 0.9603042602539062
0.000125 0.928436279296875
0.000125 1.6375694274902344
0.000125 1.9962425231933594
0.000125 2.0640716552734375
0.000125 1.3342056274414062
0.000125 1.1688461303710938
0.000125 1.3444442749023438
0.000125 1.3595046997070312
0.000125 1.923370361328125
0.000125 1.3834609985351562
0.000125 0.8988075256347656
0.000125 1.3394393920898438
0.000125 1.3365592956542969
0.000125 1.3617782592773438
0.000125 2.0073699951171875
0.000125 1.5335922241210938
0.000125 1.1140823364257812
0.000125 1.02154541015625
0.000125 1.6739730834960938
0.000125 1.464874267578125
0.000125 1.3923110961914062
0.000125 1.2106475830078125
0.000125 1.6428680419921875
0.000125 1.194244384765625
0.000125 1.0076828002929688
0.000125 1.1282424926757812
0.000125 0.9592056274414062
0.000125 1.0097427368164062
0.000125 1.2745590209960938
0.000125 1.0798835754394531
0.000125 1.3452033996582031
0.000125 1.1066474914550781
0.000125 1.0516510009765625
0.000125 1.0448226928710938
0.000125 0.9625396728515625
0.000125 1.3450698852539062
0.000125 1.1202812194824219
0.000125 1.0606231689453125
0.000125 0.9843368530273438
0.000125 1.3371505737304688
0.000125 1.0302810668945312
0.000125 0.738006591796875
0.000125 1.0792465209960938
0.000125 1.1243476867675781
0.000125 0.8371772766113281
0.000125 0.9933319091796875
0.000125 0.9304542541503906
0.000125 0.94708251953125
0.000125 0.5393123626708984
0.000125 1.2713432312011719
0.000125 1.2231273651123047
0.000125 0.924713134765625
0.000125 1.004556655883789
0.000125 1.1259593963623047
0.000125 1.334716796875
0.000125 1.071136474609375
0.000125 1.0923614501953125
0.000125 1.2404861450195312
0.000125 1.2718315124511719
0.000125 0.9881744384765625
0.000125 1.2495651245117188
0.000125 1.2324066162109375
0.000125 1.0292930603027344
0.000125 1.4290390014648438
0.000125 1.1596832275390625
0.000125 1.0047836303710938
0.000125 0.8622207641601562
0.000125 1.1376113891601562
0.000125 0.8975715637207031
0.000125 1.3279228210449219
0.000125 1.7260208129882812
0.000125 1.4790897369384766
0.000125 1.1053714752197266
0.000125 0.8897209167480469
0.000125 1.11328125
0.000125 1.1581459045410156
0.000125 0.8492546081542969
0.000125 0.9859790802001953
0.000125 0.8993721008300781
0.000125 1.0924491882324219
0.000125 1.2247314453125
0.000125 1.1800689697265625
0.000125 1.1865692138671875
0.000125 1.1121749877929688
0.000125 1.1317596435546875
0.000125 1.3768539428710938
0.000125 0.8733253479003906
0.000125 1.1069488525390625
0.000125 0.9346694946289062
0.000125 1.2906455993652344
0.000125 0.8002090454101562
0.000125 1.220184326171875
0.000125 1.139801025390625
0.000125 0.8860244750976562
0.000125 0.9330463409423828
0.000125 1.202199935913086
0.000125 0.8006973266601562
0.000125 0.8272171020507812
0.000125 0.7228507995605469
0.000125 0.9057655334472656
0.000125 0.9878787994384766
0.000125 1.327789306640625
0.000125 0.768402099609375
0.000125 1.1628780364990234
0.000125 0.7352466583251953
0.000125 0.7142143249511719
0.000125 1.0258293151855469
0.000125 1.3939323425292969
0.000125 1.0765743255615234
0.000125 0.9078731536865234
0.000125 1.1756095886230469
0.000125 1.1417884826660156
0.000125 1.2137451171875
0.000125 1.0942955017089844
0.000125 0.9475021362304688
0.000125 1.2779121398925781
0.000125 0.9881401062011719
0.000125 1.2129325866699219
0.000125 1.1604080200195312
0.000125 1.0385513305664062
0.000125 1.0637321472167969
0.000125 1.0594635009765625
0.000125 0.9388958215713501
0.000625 1.2627487182617188
0.000625 3.2085723876953125
0.000625 3.4501419067382812
0.000625 2.3675355911254883
0.000625 2.2844085693359375
0.000625 2.313934326171875
0.000625 1.179412841796875
0.000625 1.3348617553710938
0.000625 1.5231151580810547
0.000625 1.5564708709716797
0.000625 1.5771636962890625
0.000625 1.6641693115234375
0.000625 1.1269454956054688
0.000625 1.5835380554199219
0.000625 1.2314262390136719
0.000625 2.0973434448242188
0.000625 2.075286865234375
0.000625 1.7277450561523438
0.000625 1.1481399536132812
0.000625 1.42291259765625
0.000625 1.6318778991699219
0.000625 1.5558929443359375
0.000625 1.32086181640625
0.000625 1.4152069091796875
0.000625 1.2699050903320312
0.000625 1.0314407348632812
0.000625 1.3028106689453125
0.000625 1.8571605682373047
0.000625 0.9049744606018066
0.000625 1.4371099472045898
0.000625 0.8901042938232422
0.000625 1.7234525680541992
0.000625 0.7312526702880859
0.000625 1.1097831726074219
0.000625 1.4913101196289062
0.000625 1.2309608459472656
0.000625 1.259979248046875
0.000625 1.33233642578125
0.000625 1.5433578491210938
0.000625 1.0220184326171875
0.000625 1.2318840026855469
0.000625 1.7793922424316406
0.000625 1.6854133605957031
0.000625 1.7091140747070312
0.000625 1.1917037963867188
0.000625 2.9770050048828125
0.000625 3.2999267578125
0.000625 1.76214599609375
0.000625 1.2416305541992188
0.000625 1.68182373046875
0.000625 1.383087158203125
0.000625 1.11029052734375
0.000625 1.0952224731445312
0.000625 1.3041915893554688
0.000625 1.1232185363769531
0.000625 1.3594207763671875
0.000625 1.2052116394042969
0.000625 1.5444049835205078
0.000625 1.1298065185546875
0.000625 1.2327384948730469
0.000625 1.0765533447265625
0.000625 1.1156997680664062
0.000625 1.08782958984375
0.000625 1.8152542114257812
0.000625 1.0232009887695312
0.000625 0.9792022705078125
0.000625 1.1422920227050781
0.000625 2.144947052001953
0.000625 1.625701904296875
0.000625 1.295135498046875
0.000625 1.3232498168945312
0.000625 1.2955169677734375
0.000625 1.03839111328125
0.000625 1.4716606140136719
0.000625 1.0963172912597656
0.000625 1.9468231201171875
0.000625 1.484619140625
0.000625 1.4645195007324219
0.000625 1.564727783203125
0.000625 0.8681564331054688
0.000625 1.4278793334960938
0.000625 1.2044525146484375
0.000625 1.2533798217773438
0.000625 1.4243011474609375
0.000625 1.1640281677246094
0.000625 1.2160205841064453
0.000625 1.11175537109375
0.000625 1.2552757263183594
0.000625 0.9505271911621094
0.000625 0.8287429809570312
0.000625 1.0501670837402344
0.000625 1.2674522399902344
0.000625 1.1377944946289062
0.000625 1.1560173034667969
0.000625 1.2510547637939453
0.000625 1.4379539489746094
0.000625 1.1874198913574219
0.000625 1.2524871826171875
0.000625 1.149038314819336
0.000625 1.3255958557128906
0.000625 1.376108169555664
0.000625 1.3605461120605469
0.000625 1.1060638427734375
0.000625 1.040679931640625
0.000625 1.1563262939453125
0.000625 0.8401031494140625
0.000625 1.2216377258300781
0.000625 0.9982223510742188
0.000625 1.4385948181152344
0.000625 1.6884689331054688
0.000625 1.0093650817871094
0.000625 0.9914360046386719
0.000625 1.18426513671875
0.000625 1.1668968200683594
0.000625 1.1132087707519531
0.000625 1.0318355560302734
0.000625 1.1891708374023438
0.000625 1.3434257507324219
0.000625 1.0737876892089844
0.000625 1.0222015380859375
0.000625 1.2844467163085938
0.000625 1.3541984558105469
0.000625 1.6384506225585938
0.000625 1.2602653503417969
0.000625 1.1531448364257812
0.000625 1.2814712524414062
0.000625 0.8568344116210938
0.000625 1.0892753601074219
0.000625 1.3523941040039062
0.000625 1.0101547241210938
0.000625 1.022054672241211
0.000625 0.9852752685546875
0.000625 1.0912322998046875
0.000625 0.897216796875
0.000625 1.2888641357421875
0.000625 1.4034767150878906
0.000625 0.7148551940917969
0.000625 0.6729965209960938
0.000625 1.21978759765625
0.000625 0.97119140625
0.000625 0.8032379150390625
0.000625 1.0273323059082031
0.000625 1.0603256225585938
0.000625 0.6527290344238281
0.000625 1.1206588745117188
0.000625 1.2182998657226562
0.000625 1.3174114227294922
0.000625 1.2268505096435547
0.000625 1.2253704071044922
0.000625 0.9052543640136719
0.000625 1.41339111328125
0.000625 0.8246002197265625
0.000625 1.0309906005859375
0.000625 0.7388839721679688
0.000625 0.7569618225097656
0.000625 0.762542724609375
0.000625 1.1784515380859375
0.000625 1.1551628112792969
0.000625 1.0646820068359375
0.000625 0.9333534240722656
0.000625 0.80731201171875
0.000625 1.0767555236816406
0.000625 0.60894775390625
0.000625 1.1693038940429688
0.000625 0.8231449127197266
0.000625 0.9229736328125
0.000625 0.6701068878173828
0.000625 0.8428802490234375
0.000625 1.3384361267089844
0.000625 1.860426902770996
0.000625 0.9813919067382812
0.000625 0.9113235473632812
0.000625 1.3362102508544922
0.000625 1.8781929016113281
0.000625 1.8750133514404297
0.000625 1.8244657516479492
0.000625 1.2695789337158203
0.000625 1.0480766296386719
0.000625 1.565093994140625
0.000625 1.2908859252929688
0.000625 1.1883010864257812
0.000625 1.1530036926269531
0.000625 1.0236120223999023
0.000625 0.9115028381347656
0.000625 1.0759830474853516
0.000625 1.9368562698364258
0.000625 1.0146713256835938
0.000625 1.0478439331054688
0.000625 0.8526039123535156
0.000625 0.8745298385620117
0.000625 0.6427450180053711
0.000625 0.8961124420166016
0.000625 0.7133703231811523
0.000625 1.0193920135498047
0.000625 1.0124180316925049
0.000625 0.8604861497879028
0.000625 1.58644437789917
0.000625 1.0091171264648438
0.000625 1.2431466579437256
0.000625 0.9637985229492188
0.000625 1.0808677673339844
0.000625 1.2498798370361328
0.000625 1.2686576843261719
0.000625 1.4939022064208984
0.000625 1.2362442016601562
0.000625 0.760561466217041
0.000625 1.3880271911621094
0.000625 0.6481685638427734
0.000625 1.1910858154296875
0.000625 0.8863945007324219
0.000625 0.8708724975585938
0.000625 1.2657241821289062
0.000625 1.0934410095214844
0.000625 1.2070913314819336
0.000625 0.9776360988616943
0.000625 1.1798996925354004
0.000625 0.6663146018981934
0.000625 0.5715353488922119
0.000625 0.9608917236328125
0.000625 0.8140659332275391
0.000625 1.140054702758789
0.000625 1.1530418395996094
0.000625 0.8231549263000488
0.000625 1.1197936534881592
0.000625 0.8940439224243164
0.000625 0.8309764862060547
0.000625 0.7396430969238281
0.000625 0.9418072700500488
0.000625 0.9871413707733154
0.000625 1.1329915523529053
0.000625 1.1768674850463867
0.000625 0.9469423294067383
0.000625 1.038285255432129
0.000625 1.2361693382263184
0.000625 0.7238750457763672
0.000625 0.6637191772460938
0.000625 0.784027099609375
0.000625 1.469731330871582
0.000625 1.1089677810668945
0.000625 1.2129173278808594
0.000625 0.7594699859619141
0.000625 0.934600830078125
0.000625 0.7327480316162109
0.000625 0.5204715728759766
0.000625 1.068552017211914
0.000625 0.7871675491333008
0.000625 0.724273681640625
0.000625 0.9650907516479492
0.000625 0.8500289916992188
0.000625 1.2329182624816895
0.000625 0.6748809814453125
0.000625 0.5245847702026367
0.000625 0.960139274597168
0.000625 0.6407613754272461
0.000625 0.7130069732666016
0.000625 1.1294059753417969
0.000625 0.8279581069946289
0.000625 0.7611227035522461
0.000625 0.9646282196044922
0.000625 0.706756591796875
0.000625 0.524261474609375
0.000625 0.5743780136108398
0.000625 0.6265048980712891
0.000625 0.5907068252563477
0.000625 0.6451473236083984
0.000625 0.9845123291015625
0.000625 0.8065910339355469
0.000625 0.5275201797485352
0.000625 0.806431770324707
0.000625 0.8503208160400391
0.000625 0.728111743927002
0.000625 0.8699436187744141
0.000625 0.7147836685180664
0.000625 0.8925771713256836
0.000625 0.7965269088745117
0.000625 0.9055166244506836
0.000625 0.8576517105102539
0.000625 0.8559775352478027
0.000625 0.6622991561889648
0.000625 1.0836915969848633
0.000625 0.7108640670776367
0.000625 0.7166204452514648
0.000625 1.210421085357666
0.000625 1.1744365692138672
0.000625 0.6771373748779297
0.000625 0.5835886001586914
0.000625 0.8611392974853516
0.000625 1.0664520263671875
0.000625 0.6254549026489258
0.000625 1.0955877304077148
0.000625 1.124624252319336
0.000625 0.7195396423339844
0.000625 0.5277070999145508
0.000625 0.6725807189941406
0.000625 1.1571769714355469
0.000625 0.5923185348510742
0.000625 0.5819530487060547
0.000625 0.5344724655151367
0.000625 0.6711702346801758
0.000625 0.6937294006347656
0.000625 0.7055854797363281
0.000625 0.5441098213195801
0.000625 0.548344612121582
0.000625 0.5780239105224609
0.000625 1.625732183456421
0.000625 0.9267115592956543
0.000625 0.9385662078857422
0.000625 0.6617708206176758
0.000625 0.7396259307861328
0.000625 0.7053918838500977
0.000625 1.0898265838623047
0.000625 0.8581790924072266
0.000625 0.5853400230407715
0.000625 0.7845449447631836
0.000625 0.8474998474121094
0.000625 0.6067619323730469
0.000625 0.5942153930664062
0.000625 0.5581760406494141
0.000625 0.6191797256469727
0.000625 0.6472878456115723
0.000625 1.0696492195129395
0.000625 0.6467227935791016
0.000625 0.7417643070220947
0.000625 0.4100155830383301
0.000625 0.7750911712646484
0.000625 0.9528441429138184
0.000625 0.8415117263793945
0.000625 0.6815488338470459
0.000625 0.6958580017089844
0.000625 0.8302881717681885
0.000625 0.753173828125
0.000625 0.6877055168151855
0.000625 0.6855988502502441
0.000625 0.6138224601745605
0.000625 0.9481992721557617
0.000625 0.6907577514648438
0.000625 0.8169107437133789
0.000625 0.7912073135375977
0.000625 0.6683444976806641
0.000625 0.6528968811035156
0.000625 0.5341806411743164
0.000625 0.5713315010070801
0.003125 1.2836589813232422
0.003125 0.9265003204345703
0.003125 1.2660598754882812
0.003125 0.8539371490478516
0.003125 1.3742523193359375
0.003125 2.4465503692626953
0.003125 1.0217514038085938
0.003125 3.148599624633789
0.003125 2.351289749145508
0.003125 1.3044967651367188
0.003125 1.1143388748168945
0.003125 1.8379557132720947
0.003125 1.1874762773513794
0.003125 0.8027883768081665
0.003125 0.9828263521194458
0.003125 0.8542417287826538
0.003125 0.8443796634674072
0.003125 1.6885871887207031
0.003125 1.0643720626831055
0.003125 0.9220409393310547
0.003125 1.3755322694778442
0.003125 0.9739145040512085
0.003125 0.9436600804328918
0.003125 1.4716393947601318
0.003125 0.9106593132019043
0.003125 0.6166656017303467
0.003125 0.7572231292724609
0.003125 0.6037101745605469
0.003125 0.5713214874267578
0.003125 0.6549844741821289
0.003125 0.7391729354858398
0.003125 1.2493047714233398
0.003125 0.7813310623168945
0.003125 0.8568096160888672
0.003125 1.5405406951904297
0.003125 0.7033843994140625
0.003125 0.7331518530845642
0.003125 1.448194146156311
0.003125 1.0998142957687378
0.003125 0.7406322956085205
0.003125 1.2496685981750488
0.003125 1.6891155242919922
0.003125 1.0214786529541016
0.003125 1.2163162231445312
0.003125 0.6587748527526855
0.003125 1.2538936138153076
0.003125 1.5320615768432617
0.003125 2.3538105487823486
0.003125 1.8710393905639648
0.003125 1.7968997955322266
0.003125 1.3383337259292603
0.003125 0.6757829189300537
0.003125 0.8805569410324097
0.003125 1.02829909324646
0.003125 0.8884711265563965
0.003125 1.705510139465332
0.003125 0.6868438720703125
0.003125 1.2222843170166016
0.003125 0.7850608825683594
0.003125 0.8013776540756226
0.003125 1.3741466999053955
0.003125 1.094261646270752
0.003125 1.1540861129760742
0.003125 1.2505474090576172
0.003125 0.5145606994628906
0.003125 0.9846000671386719
0.003125 1.292619228363037
0.003125 1.465162754058838
0.003125 1.1282234191894531
0.003125 1.0176525115966797
0.003125 1.384211540222168
0.003125 0.6029148101806641
0.003125 0.5600271224975586
0.003125 1.2063426971435547
0.003125 0.8216104507446289
0.003125 1.2571964263916016
0.003125 0.8784465789794922
0.003125 1.0523872375488281
0.003125 0.9937381744384766
0.003125 0.3800039291381836
0.003125 0.8857312202453613
0.003125 1.345935583114624
0.003125 1.0648459196090698
0.003125 0.8899089097976685
0.003125 0.5513606071472168
0.003125 0.6329613924026489
0.003125 0.5517463684082031
0.003125 0.5111887454986572
0.003125 1.1120095252990723
0.003125 1.2877683639526367
0.003125 1.0117509365081787
0.003125 2.0433788299560547
0.003125 3.539608955383301
0.003125 2.0052366256713867
0.003125 1.9292807579040527
0.003125 1.1538121700286865
0.003125 1.2850110530853271
0.003125 2.2953364849090576
0.003125 1.6248817443847656
0.003125 1.0046133995056152
0.003125 1.7958545684814453
0.003125 2.247014045715332
0.003125 1.533315658569336
0.003125 1.4294815063476562
0.003125 1.8188152313232422
0.003125 1.4581856727600098
0.003125 1.589346170425415
0.003125 1.040081262588501
0.003125 0.9533309936523438
0.003125 1.3613452911376953
0.003125 1.8865089416503906
0.003125 1.2795429229736328
0.003125 1.4184951782226562
0.003125 1.2150382995605469
0.003125 0.9289398193359375
0.003125 1.0031318664550781
0.003125 1.2346997261047363
0.003125 1.254148006439209
0.003125 0.9001345634460449
0.003125 1.0427913665771484
0.003125 0.9031510353088379
0.003125 0.5403933525085449
0.003125 1.2059707641601562
0.003125 0.9235715866088867
0.003125 0.7583684921264648
0.003125 0.8855476379394531
0.003125 0.3388786315917969
0.003125 0.5576634407043457
0.003125 0.8607244491577148
0.003125 0.7336797714233398
0.003125 0.66534423828125
0.003125 0.4934558868408203
0.003125 0.6405339241027832
0.003125 0.6261072158813477
0.003125 0.6134634017944336
0.003125 0.9434747695922852
0.003125 0.39153289794921875
0.003125 0.4157848358154297
0.003125 0.8526177406311035
0.003125 0.3947715759277344
0.003125 0.38043212890625
0.003125 0.7579507827758789
0.003125 0.6447572708129883
0.003125 0.6106023788452148
0.003125 1.2446448802947998
0.003125 0.8780585527420044
0.003125 1.0746822357177734
0.003125 0.7518435716629028
0.003125 0.9041714668273926
0.003125 0.7262085676193237
0.003125 1.1119564771652222
0.003125 0.5913510322570801
0.003125 1.2061092853546143
0.003125 0.8765478134155273
0.003125 0.3852720260620117
0.003125 0.5304975509643555
0.003125 0.8633017539978027
0.003125 0.782371997833252
0.003125 0.6727213859558105
0.003125 0.542495608329773
0.003125 0.3878645896911621
0.003125 0.5087103843688965
0.003125 0.18778228759765625
0.003125 0.7270750999450684
0.003125 0.6773355007171631
0.003125 0.7289309501647949
0.003125 0.3223543167114258
0.003125 0.6015439033508301
0.003125 0.5979428291320801
0.003125 1.1126086711883545
0.003125 0.5147767066955566
0.003125 0.48780155181884766
0.003125 0.4931044578552246
0.003125 1.1406278610229492
0.003125 0.6036467552185059
0.003125 0.6285085678100586
0.003125 0.6297526359558105
0.003125 0.38329601287841797
0.003125 0.8329958915710449
0.003125 0.7203159332275391
0.003125 0.40486955642700195
0.003125 0.9290444850921631
0.003125 0.8878827095031738
0.003125 0.7595806121826172
0.003125 0.6155614852905273
0.003125 1.6891989707946777
0.003125 1.1499860286712646
0.003125 0.5905089378356934
0.003125 0.5418627262115479
0.003125 0.3069765567779541
0.003125 0.5109086036682129
0.003125 0.9638688564300537
0.003125 0.546470046043396
0.003125 0.7166373133659363
0.003125 0.6426899433135986
0.003125 0.7149722576141357
0.003125 1.0693507194519043
0.003125 0.37119174003601074
0.003125 0.701301097869873
0.003125 0.5196032524108887
0.003125 0.6253147721290588
0.003125 1.1245343685150146
0.003125 1.4442052841186523
0.003125 0.8554131984710693
0.003125 0.6694250106811523
0.003125 0.3396797180175781
0.003125 0.8732829093933105
0.003125 0.4804191589355469
0.003125 0.7918741703033447
0.003125 0.5007963180541992
0.003125 0.3242065906524658
0.003125 0.7565302848815918
0.003125 0.6110789775848389
0.003125 0.719606876373291
0.003125 0.667731523513794
0.003125 0.9450697898864746
0.003125 0.6873942613601685
0.003125 0.5868607759475708
0.003125 0.669292688369751
0.003125 0.8621230125427246
0.003125 1.153665542602539
0.003125 0.9462423324584961
0.003125 1.1101799011230469
0.003125 1.3288178443908691
0.003125 1.0768680572509766
0.003125 0.9109735488891602
0.003125 0.5828299522399902
0.003125 0.727869987487793
0.003125 0.8877673149108887
0.003125 1.2113418579101562
0.003125 0.9456405639648438
0.003125 0.5677633285522461
0.003125 0.5334093570709229
0.003125 0.8188464641571045
0.003125 0.5853900909423828
0.003125 0.32796144485473633
0.003125 0.25593090057373047
0.003125 1.1461420059204102
0.003125 0.9209527969360352
0.003125 0.6758880615234375
0.003125 0.42963361740112305
0.003125 0.7376861572265625
0.003125 0.5471112728118896
0.003125 0.30370593070983887
0.003125 0.7020785808563232
0.003125 0.5907189846038818
0.003125 0.7745256423950195
0.003125 1.0445213317871094
0.003125 0.5333302617073059
0.003125 0.6506445407867432
0.003125 1.2629377841949463
0.003125 0.45287346839904785
0.003125 0.5840184688568115
0.003125 0.1767122745513916
0.003125 0.8856713771820068
0.003125 1.6915061473846436
0.003125 1.4726426601409912
0.003125 0.772560715675354
0.003125 0.7242574691772461
0.003125 0.26645857095718384
0.003125 0.3426366448402405
0.003125 0.2873542904853821
0.003125 0.5696197748184204
0.003125 0.5846291184425354
0.003125 0.6093777418136597
0.003125 1.1146749258041382
0.003125 0.5686368942260742
0.003125 0.3118259906768799
0.003125 0.6122109293937683
0.003125 0.8705688714981079
0.003125 1.1710001230239868
0.003125 1.2910377979278564
0.003125 1.5909175872802734
0.003125 1.7037911415100098
0.003125 0.5504289865493774
0.003125 0.5556992292404175
0.003125 0.7208929061889648
0.003125 0.8835186958312988
0.003125 0.44356679916381836
0.003125 0.449932336807251
0.003125 0.7251136302947998
0.003125 0.4777953624725342
0.003125 0.6295610666275024
0.003125 0.6637494564056396
0.003125 0.4567534923553467
0.003125 0.6032261848449707
0.003125 0.4937562942504883
0.003125 0.5170421600341797
0.003125 0.41287994384765625
0.003125 1.1957826614379883
0.003125 0.6604748964309692
0.003125 0.5136401653289795
0.003125 0.33337247371673584
0.003125 0.6824817657470703
0.003125 0.5297303199768066
0.003125 0.34526556730270386
0.003125 0.5009315013885498
0.003125 0.28431886434555054
0.003125 0.4618402123451233
0.003125 0.46807146072387695
0.003125 0.8038336038589478
0.003125 0.5966392755508423
0.003125 0.489379346370697
0.003125 0.6553698778152466
0.003125 0.6438054442405701
0.003125 0.7110525369644165
0.003125 0.7637195587158203
0.003125 0.506591796875
0.003125 0.49729758501052856
0.003125 0.3376814126968384
0.003125 1.1432561874389648
0.003125 0.5130600333213806
0.003125 0.38338378071784973
0.003125 0.5247840881347656
0.003125 0.5092702507972717
0.003125 0.4072255492210388
0.003125 0.2629432678222656
0.003125 0.23116740584373474
0.003125 0.4748402237892151
0.003125 0.5982032418251038
0.003125 0.7671594023704529
0.003125 0.3156965374946594
0.003125 0.519629180431366
0.003125 0.1934669315814972
0.003125 0.4803802967071533
0.003125 0.5123139023780823
0.003125 0.6410349607467651
0.003125 0.7258014678955078
0.003125 0.6773431897163391
0.003125 0.9398555159568787
0.003125 0.6727197766304016
0.003125 0.6946668028831482
0.003125 0.7079830169677734
0.003125 0.4473896026611328
0.003125 0.8207000494003296
0.003125 0.48012933135032654
0.003125 0.745607852935791
0.003125 0.6145434379577637
0.003125 0.27979111671447754
0.003125 0.41708672046661377
0.003125 0.4468534290790558
0.003125 0.5458747148513794
0.015625 1.5349136590957642
0.015625 4.495206832885742
0.015625 5.61419677734375
0.015625 5.245700359344482
0.015625 4.469668388366699
0.015625 3.680755615234375
0.015625 2.6131591796875
0.015625 2.4410552978515625
0.015625 2.9136314392089844
0.015625 2.29705810546875
0.015625 2.422821044921875
0.015625 2.28057861328125
0.015625 1.8683013916015625
0.015625 1.9363555908203125
0.015625 1.90460205078125
0.015625 1.98748779296875
0.015625 2.089813232421875
0.015625 2.19671630859375
0.015625 1.6293487548828125
0.015625 1.60968017578125
0.015625 2.9404067993164062
0.015625 2.840484619140625
0.015625 2.2461700439453125
0.015625 2.0336761474609375
0.015625 1.81488037109375
0.015625 1.6739349365234375
0.015625 2.62762451171875
0.015625 2.27740478515625
0.015625 2.4345245361328125
0.015625 2.77545166015625
0.015625 2.494384765625
0.015625 2.3624801635742188
0.015625 1.4808087348937988
0.015625 1.9954681396484375
0.015625 2.6517562866210938
0.015625 2.6002120971679688
0.015625 3.325653076171875
0.015625 2.4028167724609375
0.015625 2.5843887329101562
0.015625 2.3080291748046875
0.015625 2.3707962036132812
0.015625 3.22174072265625
0.015625 2.5758438110351562
0.015625 2.2054290771484375
0.015625 2.6389007568359375
0.015625 3.2648544311523438
0.015625 2.40679931640625
0.015625 2.58795166015625
0.015625 1.9900665283203125
0.015625 2.359832763671875
0.015625 2.131622314453125
0.015625 1.850677490234375
0.015625 1.8956756591796875
0.015625 2.5427207946777344
0.015625 2.167205810546875
0.015625 2.45550537109375
0.015625 1.969879150390625
0.015625 3.0315399169921875
0.015625 3.324615478515625
0.015625 1.8326873779296875
0.015625 2.62591552734375
0.015625 2.5815277099609375
0.015625 2.22283935546875
0.015625 2.1687164306640625
0.015625 1.876129150390625
0.015625 2.46527099609375
0.015625 2.624908447265625
0.015625 3.129669189453125
0.015625 3.0684051513671875
0.015625 2.824798583984375
0.015625 2.65924072265625
0.015625 2.486480712890625
0.015625 2.2935638427734375
0.015625 2.3377685546875
0.015625 1.9500732421875
0.015625 2.53662109375
0.015625 3.04083251953125
0.015625 2.941802978515625
0.015625 2.2027130126953125
0.015625 1.8922119140625
0.015625 2.103057861328125
0.015625 2.11187744140625
0.015625 2.20965576171875
0.015625 2.70062255859375
0.015625 2.488525390625
0.015625 2.53924560546875
0.015625 2.590301513671875
0.015625 2.214447021484375
0.015625 1.898468017578125
0.015625 1.77545166015625
0.015625 2.41943359375
0.015625 2.65399169921875
0.015625 1.9844970703125
0.015625 2.0239105224609375
0.015625 2.606781005859375
0.015625 2.0120849609375
0.015625 2.053802490234375
0.015625 1.903350830078125
0.015625 1.953094482421875
0.015625 2.3254852294921875
0.015625 1.8702239990234375
0.015625 1.56597900390625
0.015625 1.8447265625
0.015625 1.919647216796875
0.015625 1.8134765625
0.015625 1.688232421875
0.015625 2.2384490966796875
0.015625 1.9598388671875
0.015625 1.9827880859375
0.015625 2.12054443359375
0.015625 2.113739013671875
0.015625 1.763092041015625
0.015625 2.4690093994140625
0.015625 2.1211700439453125
0.015625 2.008575439453125
0.015625 2.3003387451171875
0.015625 2.17156982421875
0.015625 2.031158447265625
0.015625 2.1673431396484375
0.015625 2.127899169921875
0.015625 2.307464599609375
0.015625 1.80572509765625
0.015625 2.3003997802734375
0.015625 2.011138916015625
0.015625 2.068817138671875
0.015625 2.681182861328125
0.015625 2.17340087890625
0.015625 2.107025146484375
0.015625 2.281951904296875
0.015625 1.90692138671875
0.015625 2.009063720703125
0.015625 1.64556884765625
0.015625 2.0632781982421875
0.015625 2.2022247314453125
0.015625 1.83868408203125
0.015625 2.228912353515625
0.015625 1.797210693359375
0.015625 1.7589111328125
0.015625 2.116973876953125
0.015625 1.76519775390625
0.015625 1.7095947265625
0.015625 2.2982177734375
0.015625 2.14263916015625
0.015625 1.44781494140625
0.015625 1.892303466796875
0.015625 2.2366485595703125
0.015625 2.14837646484375
0.015625 1.863128662109375
0.015625 1.988739013671875
0.015625 2.0517578125
0.015625 2.038177490234375
0.015625 1.85540771484375
0.015625 2.0956268310546875
0.015625 1.927154541015625
0.015625 1.7724151611328125
0.015625 1.98150634765625
0.015625 2.1068115234375
0.015625 2.11529541015625
0.015625 2.12908935546875
0.015625 2.15179443359375
0.015625 1.64739990234375
0.015625 1.955841064453125
0.015625 1.655181884765625
0.015625 2.01739501953125
0.015625 2.0541839599609375
0.015625 1.97344970703125
0.015625 1.58154296875
0.015625 1.6886138916015625
0.015625 2.047119140625
0.015625 2.519805908203125
0.015625 1.799407958984375
0.015625 1.7657012939453125
0.015625 1.73760986328125
0.015625 2.356842041015625
0.015625 1.782989501953125
0.015625 2.21417236328125
0.015625 1.788116455078125
0.015625 1.57843017578125
0.015625 2.047821044921875
0.015625 1.843902587890625
0.015625 1.6595306396484375
0.015625 2.1153411865234375
0.015625 1.64910888671875
0.015625 1.60455322265625
0.015625 1.5087890625
0.015625 2.34210205078125
0.015625 2.44683837890625
0.015625 2.499542236328125
0.015625 2.1368408203125
0.015625 1.841796875
0.015625 1.960662841796875
0.015625 2.2171630859375
0.015625 2.11175537109375
0.015625 2.22906494140625
0.015625 1.916748046875
0.015625 1.894744873046875
0.015625 2.05987548828125
0.015625 2.012908935546875
0.015625 2.095794677734375
0.015625 1.676055908203125
0.015625 1.98333740234375
0.015625 2.015350341796875
0.015625 2.340667724609375
0.015625 1.916839599609375
0.015625 1.95440673828125
0.015625 1.748046875
0.015625 2.0189208984375
0.015625 1.704010009765625
0.015625 2.3671417236328125
0.015625 1.717529296875
0.015625 1.5880889892578125
0.015625 2.260284423828125
0.015625 2.008087158203125
0.015625 2.01287841796875
0.015625 1.95220947265625
0.015625 2.352081298828125
0.015625 1.82061767578125
0.015625 1.769287109375
0.015625 1.7679443359375
0.015625 1.794403076171875
0.015625 2.208221435546875
0.015625 2.2176361083984375
0.015625 2.123443603515625
0.015625 2.00250244140625
0.015625 2.085205078125
0.015625 2.12823486328125
0.015625 1.7916259765625
0.015625 1.89190673828125
0.015625 1.75811767578125
0.015625 1.768280029296875
0.015625 1.9534759521484375
0.015625 1.84161376953125
0.015625 1.6019287109375
0.015625 2.322845458984375
0.015625 2.1297607421875
0.015625 2.034454345703125
0.015625 1.51849365234375
0.015625 2.2039794921875
0.015625 2.005523681640625
0.015625 1.98248291015625
0.015625 2.030792236328125
0.015625 2.1057586669921875
0.015625 1.9940185546875
0.015625 1.667755126953125
0.015625 1.90948486328125
0.015625 1.6519775390625
0.015625 1.6010589599609375
0.015625 1.9106292724609375
0.015625 2.058807373046875
0.015625 2.1420440673828125
0.015625 2.01519775390625
0.015625 1.828460693359375
0.015625 2.037353515625
0.015625 1.594940185546875
0.015625 1.8448486328125
0.015625 1.71258544921875
0.015625 1.7581787109375
0.015625 1.76544189453125
0.015625 2.2689208984375
0.015625 1.9421234130859375
0.015625 1.607666015625
0.015625 1.679412841796875
0.015625 1.851287841796875
0.015625 1.592529296875
0.015625 1.906005859375
0.015625 1.636810302734375
0.015625 1.876739501953125
0.015625 1.40045166015625
0.015625 2.16998291015625
0.015625 2.291595458984375
0.015625 1.91583251953125
0.015625 1.881195068359375
0.015625 2.077667236328125
0.015625 2.16680908203125
0.015625 1.922882080078125
0.015625 1.876129150390625
0.015625 2.043975830078125
0.015625 2.029541015625
0.015625 1.770477294921875
0.015625 1.9277191162109375
0.015625 1.55364990234375
0.015625 1.723175048828125
0.015625 2.3224334716796875
0.015625 2.055084228515625
0.015625 1.841888427734375
0.015625 1.68072509765625
0.015625 1.826019287109375
0.015625 1.723785400390625
0.015625 1.9075775146484375
0.015625 2.4400634765625
0.015625 2.1683349609375
0.015625 1.8217620849609375
0.015625 1.7830810546875
0.015625 1.7293701171875
0.015625 1.98431396484375
0.015625 1.58953857421875
0.015625 1.827728271484375
0.015625 1.5117340087890625
0.015625 1.768524169921875
0.015625 1.9757537841796875
0.015625 2.0760650634765625
0.015625 2.3220367431640625
0.015625 1.7775115966796875
0.015625 1.85546875
0.015625 2.21502685546875
0.015625 1.82757568359375
0.015625 2.13055419921875
0.015625 1.9007568359375
0.015625 1.820465087890625
0.015625 1.5079345703125
0.015625 2.01214599609375
0.015625 1.9007720947265625
0.015625 1.846282958984375
0.015625 1.9503173828125
0.015625 1.78759765625
0.015625 1.824493408203125
0.015625 1.50469970703125
0.015625 1.4619140625
0.015625 1.66693115234375
0.015625 2.00927734375
0.015625 1.887054443359375
0.015625 1.7853851318359375
0.015625 1.9015655517578125
0.015625 1.646240234375
0.015625 1.73309326171875
0.015625 1.835205078125
0.015625 1.875762939453125
0.015625 2.405609130859375
0.015625 1.841796875
0.015625 1.9432373046875
0.015625 1.78057861328125
0.015625 1.6798095703125
0.015625 2.19122314453125
0.015625 1.77850341796875
0.015625 2.28302001953125
0.015625 1.709716796875
0.015625 1.924041748046875
0.015625 1.846832275390625
0.015625 1.5787353515625
0.015625 1.976715087890625
0.015625 1.548919677734375
0.015625 1.8402045965194702
0.078125 1.97216796875
0.078125 1.9813232421875
0.078125 2.25006103515625
0.078125 2.469970703125
0.078125 2.10540771484375
0.078125 2.80828857421875
0.078125 2.39349365234375
0.078125 2.6738433837890625
0.078125 2.3545074462890625
0.078125 2.2430877685546875
0.078125 2.6810302734375
0.078125 2.91131591796875
0.078125 1.944580078125
0.078125 2.7859420776367188
0.078125 3.05859375
0.078125 2.362030029296875
0.078125 3.6663055419921875
0.078125 4.1765594482421875
0.078125 2.9104385375976562
0.078125 2.4847259521484375
0.078125 3.185943603515625
0.078125 2.859771728515625
0.078125 2.0243682861328125
0.078125 2.50079345703125
0.078125 2.0888671875
0.078125 2.12310791015625
0.078125 3.2942352294921875
0.078125 1.670013427734375
0.078125 1.92535400390625
0.078125 2.7715682983398438
0.078125 2.1840362548828125
0.078125 4.52313232421875
0.078125 5.185035705566406
0.078125 4.936515808105469
0.078125 2.5418548583984375
0.078125 3.0739707946777344
0.078125 2.8377532958984375
0.078125 4.15576171875
0.078125 5.379486083984375
0.078125 3.597625732421875
0.078125 3.3070716857910156
0.078125 7.177992820739746
0.078125 4.3914642333984375
0.078125 3.240386962890625
0.078125 2.6184844970703125
0.078125 3.365753173828125
0.078125 2.48760986328125
0.078125 2.20721435546875
0.078125 2.849395751953125
0.078125 2.5958251953125
0.078125 2.762451171875
0.078125 2.7748641967773438
0.078125 2.1533584594726562
0.078125 2.738189697265625
0.078125 1.651947021484375
0.078125 3.1170310974121094
0.078125 1.995849609375
0.078125 3.3766632080078125
0.078125 2.72711181640625
0.078125 2.033050537109375
0.078125 2.38043212890625
0.078125 2.40838623046875
0.078125 1.7394790649414062
0.078125 2.5919189453125
0.078125 2.0087432861328125
0.078125 1.88677978515625
0.078125 2.269866943359375
0.078125 3.2124252319335938
0.078125 2.522216796875
0.078125 2.31781005859375
0.078125 3.438079833984375
0.078125 2.7620697021484375
0.078125 2.48638916015625
0.078125 2.3175048828125
0.078125 2.64776611328125
0.078125 3.8644866943359375
0.078125 2.556304931640625
0.078125 2.90704345703125
0.078125 3.800628662109375
0.078125 3.0229034423828125
0.078125 1.788818359375
0.078125 2.579315185546875
0.078125 2.434814453125
0.078125 2.971435546875
0.078125 1.8870086669921875
0.078125 2.499786376953125
0.078125 3.747711181640625
0.078125 3.541168212890625
0.078125 3.081634521484375
0.078125 2.1555328369140625
0.078125 2.236053466796875
0.078125 3.45697021484375
0.078125 2.6744842529296875
0.078125 1.879608154296875
0.078125 2.691741943359375
0.078125 1.95050048828125
0.078125 2.263702392578125
0.078125 2.489837646484375
0.078125 2.252532958984375
0.078125 2.293182373046875
0.078125 2.032745361328125
0.078125 1.75653076171875
0.078125 2.068389892578125
0.078125 2.16131591796875
0.078125 2.1065673828125
0.078125 1.86175537109375
0.078125 3.6263275146484375
0.078125 2.0814208984375
0.078125 2.283447265625
0.078125 2.9391326904296875
0.078125 6.764404296875
0.078125 3.6201171875
0.078125 3.00830078125
0.078125 2.60260009765625
0.078125 2.37835693359375
0.078125 2.64361572265625
0.078125 3.603759765625
0.078125 3.074462890625
0.078125 2.465087890625
0.078125 2.9331207275390625
0.078125 4.06915283203125
0.078125 2.8929977416992188
0.078125 4.470344543457031
0.078125 3.2689132690429688
0.078125 3.3931884765625
0.078125 2.953643798828125
0.078125 2.148956298828125
0.078125 2.9099884033203125
0.078125 2.931304931640625
0.078125 3.305206298828125
0.078125 2.84881591796875
0.078125 3.2705078125
0.078125 2.583984375
0.078125 2.894073486328125
0.078125 2.7099609375
0.078125 2.7916412353515625
0.078125 2.199188232421875
0.078125 2.336761474609375
0.078125 2.3362884521484375
0.078125 2.1531982421875
0.078125 1.977783203125
0.078125 2.6769332885742188
0.078125 2.29449462890625
0.078125 1.57550048828125
0.078125 2.2345123291015625
0.078125 3.09893798828125
0.078125 3.98870849609375
0.078125 3.1729354858398438
0.078125 2.208831787109375
0.078125 2.1913604736328125
0.078125 3.8389892578125
0.078125 4.17034912109375
0.078125 3.46075439453125
0.078125 3.0474472045898438
0.078125 2.473907470703125
0.078125 3.86669921875
0.078125 2.74365234375
0.078125 2.9501953125
0.078125 4.262115478515625
0.078125 3.547210693359375
0.078125 1.749755859375
0.078125 2.443756103515625
0.078125 2.72381591796875
0.078125 6.021484375
0.078125 4.5784912109375
0.078125 3.004608154296875
0.078125 2.066558837890625
0.078125 2.0751800537109375
0.078125 3.3818359375
0.078125 3.630462646484375
0.078125 2.289947509765625
0.078125 2.1845245361328125
0.078125 2.92657470703125
0.078125 3.59307861328125
0.078125 2.141265869140625
0.078125 2.8730621337890625
0.078125 2.139068603515625
0.078125 2.214691162109375
0.078125 2.5592498779296875
0.078125 2.863494873046875
0.078125 2.6252899169921875
0.078125 3.2621612548828125
0.078125 2.355926513671875
0.078125 2.70806884765625
0.078125 1.6192779541015625
0.078125 3.650634765625
0.078125 4.763031005859375
0.078125 4.1139678955078125
0.078125 2.9129257202148438
0.078125 11.718994140625
0.078125 16.261474609375
0.078125 8.71337890625
0.078125 5.972648620605469
0.078125 4.4486083984375
0.078125 2.37200927734375
0.078125 4.889976501464844
0.078125 6.02880859375
0.078125 5.0268402099609375
0.078125 4.6859588623046875
0.078125 2.7183837890625
0.078125 3.66741943359375
