1e-06 2.80987548828125
1e-06 2.7347412109375
1e-06 2.79541015625
1e-06 2.77178955078125
1e-06 2.8594970703125
1e-06 2.677398681640625
1e-06 2.90045166015625
1e-06 2.840179443359375
1e-06 2.81182861328125
1e-06 2.73016357421875
1e-06 2.709991455078125
1e-06 2.8560791015625
1e-06 2.7298583984375
1e-06 2.66241455078125
1e-06 2.673126220703125
1e-06 2.87994384765625
1e-06 2.698516845703125
1e-06 2.71197509765625
1e-06 2.79449462890625
1e-06 2.698699951171875
1e-06 2.70751953125
1e-06 2.72906494140625
1e-06 2.645111083984375
1e-06 2.671539306640625
1e-06 2.626739501953125
1e-06 2.705047607421875
1e-06 2.617034912109375
1e-06 2.62445068359375
1e-06 2.507720947265625
1e-06 2.758392333984375
1e-06 2.692901611328125
1e-06 2.6258544921875
1e-06 2.58465576171875
1e-06 2.560333251953125
1e-06 2.612548828125
1e-06 2.549468994140625
1e-06 2.6171875
1e-06 2.614044189453125
1e-06 2.619964599609375
1e-06 2.6014404296875
1e-06 2.72906494140625
1e-06 2.76348876953125
1e-06 2.493133544921875
1e-06 2.669281005859375
1e-06 2.4573974609375
1e-06 2.65106201171875
1e-06 2.661956787109375
1e-06 2.590606689453125
1e-06 2.5947265625
1e-06 2.710693359375
1e-06 2.587005615234375
1e-06 2.65423583984375
1e-06 2.563690185546875
1e-06 2.54510498046875
1e-06 2.556182861328125
1e-06 2.542938232421875
1e-06 2.490631103515625
1e-06 2.72174072265625
1e-06 2.713104248046875
1e-06 2.53692626953125
1e-06 2.37530517578125
1e-06 2.445037841796875
1e-06 2.46380615234375
1e-06 2.479339599609375
1e-06 2.374298095703125
1e-06 2.326934814453125
1e-06 2.4918212890625
1e-06 2.50115966796875
1e-06 2.5250244140625
1e-06 2.442138671875
1e-06 2.41705322265625
1e-06 2.70703125
1e-06 2.744354248046875
1e-06 2.3551025390625
1e-06 2.398956298828125
1e-06 2.65338134765625
1e-06 2.632659912109375
1e-06 2.630828857421875
1e-06 2.444610595703125
1e-06 2.500701904296875
1e-06 2.400360107421875
1e-06 2.487457275390625
1e-06 2.5048828125
1e-06 2.67486572265625
1e-06 2.446929931640625
1e-06 2.44976806640625
1e-06 2.3271484375
1e-06 2.42694091796875
1e-06 2.418060302734375
1e-06 2.339813232421875
1e-06 2.37713623046875
1e-06 2.620819091796875
1e-06 2.4254150390625
1e-06 2.3887939453125
1e-06 2.317535400390625
1e-06 2.60296630859375
1e-06 2.563507080078125
1e-06 2.284454345703125
1e-06 2.511566162109375
1e-06 2.51556396484375
1e-06 2.394683837890625
